5000 5000
10000
3663 8139
1304 9546
14 5940
3762 7978
3691 5515
4638 8257
3789 8743
1081 8449
3893 9147
4566 8475
3575 6721
1812 7836
4973 8321
787 5613
1706 5770
980 8407
464 7326
1254 9645
3610 8008
1443 8608
446 7309
1945 6482
4598 5394
2314 7682
2512 5348
2738 8468
1055 8305
3234 8160
2218 9592
563 6032
2762 7825
85 5547
2839 7226
2368 6956
2376 7260
385 7905
3461 9452
4558 7966
3873 7928
407 5420
1333 7077
2883 6271
3363 5019
3366 8119
3259 7475
1627 9198
4110 7755
734 9641
990 8484
1456 8928
4072 8580
2012 6114
3531 5136
2402 6278
2126 9802
582 5208
4550 5142
341 9067
4863 6764
1194 6671
117 8846
4447 5529
2524 9870
2155 8753
2425 5714
4085 5195
4701 5252
4501 7522
3633 9557
1881 8348
140 6846
2631 8972
3316 7651
1660 6021
3039 7348
1870 5135
4221 5287
1492 5101
4694 8855
1956 7660
4994 6848
790 5331
3033 8079
1768 5978
3300 6634
1310 5808
1950 6663
4714 6790
3182 8692
4915 6829
90 8132
1296 6048
672 5678
1280 9575
876 5631
4548 7886
4780 6494
3648 5189
1598 7021
3998 8563
1644 7344
2505 5693
3572 8015
1235 8910
600 7715
2645 8694
4786 7279
2670 8416
1901 8043
54 7260
1150 8294
4255 7525
4161 7594
4879 8625
3570 9867
4233 9514
3016 8263
4399 6678
1595 5321
2518 8000
3333 8082
2306 6476
1877 7475
3716 8460
3145 8003
2383 7399
2054 6330
4567 5270
2963 9614
2966 7794
3504 8326
1716 8036
3108 7785
3380 9398
2674 5411
1677 5178
3547 7242
4267 7058
3811 5989
1454 8064
138 7146
4359 7495
3375 9985
4818 8320
2569 5282
1261 7596
1434 7131
2984 5461
4993 5570
1873 9758
1384 7388
3808 5508
4464 5570
2077 8380
2829 8943
2954 6990
1537 6286
2243 8846
3839 5106
1587 6444
1058 7599
4061 7427
1457 8826
4071 7581
723 9268
1969 6191
3450 5915
259 6057
583 9401
303 9275
2735 6942
4587 9322
1895 9408
2305 9454
2096 6181
4374 7429
1474 7580
4665 5742
4626 6728
1181 6607
3968 7968
4440 9554
2770 9143
536 7978
3127 9501
3484 9929
1031 9160
547 8075
3698 8723
4177 5933
2313 8477
2704 7961
3973 8047
1000 9308
3150 8429
4484 8995
3573 5830
1327 5874
2898 5624
4031 9234
4314 9556
1519 6115
2042 5243
284 7087
4519 8082
353 8769
739 9961
2759 5411
59 6750
4286 9307
1152 8764
674 6639
3495 9559
3203 6884
3576 7150
3101 5622
1830 9813
524 6510
1922 5161
4078 7487
1073 7297
4607 7009
572 9338
2123 5333
83 9896
2219 7025
3031 8779
1800 9200
3518 9866
4468 8906
631 5054
1657 5461
1830 9915
1772 6230
2276 8304
1637 9190
1671 9670
176 5355
401 6449
4016 6860
2861 6646
265 5073
923 7932
3460 8108
3195 8858
149 5966
4126 9987
3047 5186
28 6518
2709 8139
3223 9210
1753 7879
3502 7845
1620 9610
4923 5587
4654 6218
1854 5310
3194 9594
715 6756
2958 7818
2319 8661
4445 7646
3062 7359
3325 5224
4389 7405
546 8938
3446 9993
3817 8284
4915 7002
4179 6755
2334 7022
2741 7992
1478 6299
3679 5799
2050 6510
3835 9034
1453 5415
3636 7239
2637 6880
3932 7886
1082 9322
2000 5053
2801 9694
4335 6754
3620 5111
2880 5225
2538 9505
4780 6606
4265 5439
3021 6896
2427 8257
312 6069
1434 7329
1095 8481
1842 6819
1306 5821
1071 7085
3610 5955
3923 7927
4788 7420
1796 6436
445 9436
2452 7934
1301 6667
31 5515
3685 6323
2329 8673
806 6057
3122 8895
419 9448
4806 5317
2048 5212
1418 5382
2194 6716
3052 9562
636 7113
1242 8766
2284 5983
454 9273
2297 9157
1675 5807
308 8895
1018 5625
3078 7982
777 9215
318 8473
4223 5921
2393 5245
2923 5099
1666 7623
2291 5882
2271 5632
3261 7027
2797 9340
764 9118
409 7107
1773 7867
3233 7442
3232 7127
4693 7377
1004 7946
4906 7354
4367 6580
4593 8618
4399 7320
3359 6221
2334 6473
4125 8450
3821 8302
986 9569
4235 7319
1462 7650
1913 9380
857 8137
4462 7949
878 5576
2122 9452
3070 6095
1929 5006
254 9110
44 9304
1029 8755
627 9164
4556 5714
2025 5257
4114 8146
4569 7961
2254 8961
4364 9935
2763 6889
4473 5332
2128 7323
209 5407
903 5606
5000 5298
3026 9965
1369 8201
2584 5740
3070 7323
2664 8362
4955 5796
3164 5551
4919 7767
1852 9312
605 6719
3326 5928
408 5004
4618 7673
2175 5580
4731 9446
1962 6514
4506 8775
3209 8078
4436 9316
3089 5376
1140 5331
2998 9265
30 5106
2558 9385
4406 7547
632 6197
4295 9780
2148 7785
4383 9390
3883 7076
1442 6476
4601 8795
4425 7190
1615 8760
1986 8498
920 5639
3634 7978
3347 7877
2238 7356
2316 7378
793 8727
1662 6056
2344 9108
3834 9303
2704 9443
3594 7912
151 6407
2241 9290
933 8964
1165 5772
2210 6319
91 9399
2069 7155
4936 9217
1564 9668
1917 8603
3431 6643
217 9355
4657 8406
705 5958
1591 5314
3162 5995
4436 5234
4865 8315
444 9866
1585 6033
1030 9914
1563 8174
2836 5235
931 9766
3956 5955
569 7936
1125 6453
3602 5706
1049 5599
807 8803
1992 9837
2112 5099
3361 7223
2941 6519
805 5353
1435 7496
833 9885
742 5236
621 7331
4679 5770
1143 6546
804 5148
4804 6395
3534 9938
1764 5016
4759 5618
2461 9259
3268 5227
2592 6582
1173 9114
1493 6744
2983 8775
840 5957
4696 8322
4478 8815
27 8878
1292 9640
4385 6782
1188 8718
2136 6227
4624 6441
3962 5111
3523 6873
3859 9713
841 5592
4712 9168
87 7063
3118 5784
3808 7582
916 6491
4040 5854
448 5657
2978 9168
2228 7254
2654 6902
4742 9823
2392 5908
1681 5894
4886 6177
4503 7706
2207 9156
363 8009
156 8068
1044 9377
1161 7895
1907 5568
2571 9240
4318 7041
3674 8311
1574 6330
3542 5296
3387 5897
2512 6493
1501 9231
3255 7592
4142 5724
4019 7129
3039 7594
3286 7706
3689 7898
3481 6782
3704 8433
754 5892
1199 8879
2045 9332
1883 9538
1657 9757
451 7267
3122 7405
558 7001
4478 9261
3963 9601
3160 9082
2005 9970
4572 6289
2063 9953
3266 6506
4572 9712
2459 9313
1915 7145
1896 9432
3061 9208
4135 9214
4711 9800
1711 6996
2751 6978
1356 9136
1966 7726
786 8195
3210 7959
1787 8240
3573 7796
1961 5049
292 8529
4072 8412
890 9049
4406 9060
3258 5831
1800 5772
3726 5050
1393 5337
624 8887
1890 9151
1614 5036
1497 8287
3024 5456
2281 8172
189 7864
4154 6918
2868 6200
2765 5764
3531 6220
2549 7263
325 5677
1736 6990
2544 6717
1069 9959
665 5406
789 6171
4210 7784
1229 7653
4045 6023
1928 9607
3958 8973
2366 9467
4970 5472
4343 5835
3753 8990
4467 9923
4506 9373
2512 7124
4397 8120
3425 9524
2990 9353
344 7179
2528 7204
3439 7993
1771 6668
1948 7313
928 7911
954 7781
1671 9208
3153 8904
3133 8848
205 6896
2135 9224
4750 7712
2053 9928
3596 6025
2359 9684
2855 7026
80 6438
1492 5269
2464 5974
2518 8311
2903 8157
3893 8612
608 9983
585 5475
3508 9103
3175 7569
2419 7237
247 8703
4172 9029
2157 9036
4070 5649
2090 8784
3061 7476
4483 5347
4111 7186
4726 9710
4588 7658
3875 9163
286 5600
3664 6108
1170 8268
3829 7267
1472 8299
1225 9701
485 7619
2735 8401
4644 8170
2746 5791
4091 7072
704 7316
3327 7896
1899 5288
4876 7336
2579 9562
3825 5440
2428 8694
4571 7932
2171 8071
4479 8328
1592 8503
2865 6206
1462 8738
4992 9934
4371 7392
4591 6324
359 5153
1442 8069
1498 9387
2595 7372
1232 9031
4977 5833
1360 9983
2347 8617
551 8461
2633 6144
4419 5111
2653 7408
799 6302
2759 9735
3371 6066
1711 6032
1516 7340
4071 8979
4303 9765
3235 5392
1800 6429
2012 9888
525 5666
4001 9512
2136 7685
4132 5943
1309 7698
3355 6843
3391 9527
1240 8533
1788 9435
2350 5208
2783 8694
2482 8630
2535 6287
2024 5624
2527 5792
1749 5401
1651 6141
4957 5310
3016 8825
689 7801
415 9246
1377 9300
3316 9868
3658 9617
2519 6054
3154 7789
2220 7919
4573 8216
843 5858
1204 7082
176 5131
4965 6266
263 9321
2268 5011
3164 6425
1534 8038
1606 9184
4269 9692
2812 9540
4039 6693
1926 8384
2506 9260
3505 7750
574 6671
565 7432
1121 5441
211 6336
768 5421
636 7763
671 9238
4579 9017
1453 5207
739 6081
633 6587
3893 9213
1839 5597
3345 8957
2060 6518
1793 8769
1932 9752
186 9268
4679 5127
8 7554
396 6678
2053 6536
605 7779
4818 6099
880 8025
2833 5810
2011 7230
1546 9566
705 7543
593 9149
986 6205
3845 5852
808 5037
747 7263
4746 5899
3431 5315
2416 8750
769 8391
1380 6975
1236 6810
444 9650
3499 5321
2106 6778
3024 6980
4364 7749
1261 5394
2833 8659
3086 8579
2050 9179
1386 6803
1432 7309
3308 5826
742 5546
4798 6131
4626 7141
4590 8128
3109 9138
839 5164
4161 8861
4908 9110
618 8745
4107 5590
1864 7628
4122 8798
3338 9029
1062 8779
3660 5739
1368 7383
3984 6088
3877 5128
4514 9665
4924 9979
3072 9915
4051 7752
847 9942
589 8208
221 9150
876 5878
1620 7455
2578 7812
3417 7674
3774 9087
4205 8788
2529 9944
3334 5729
3515 7950
2307 8650
4214 8339
3113 6963
1932 7011
1324 5783
2991 7806
64 7449
1473 8116
950 6436
2443 9034
180 5724
3883 8495
3309 9045
3614 6563
2467 6561
3260 5923
4521 9259
664 9293
4423 7711
4791 6737
396 6044
825 6511
4900 5772
4052 7961
3514 8060
1803 6866
2490 7122
234 7092
4134 7678
1964 8343
3800 7398
3759 5473
3046 8116
1459 9014
3552 7426
4992 5802
2906 7388
4946 8446
1070 9254
4366 5127
1399 7224
1649 6509
3378 8010
2873 9809
4474 8576
3264 7376
2530 6456
2116 8968
401 6081
4193 5584
755 6236
2366 7106
2847 6271
2139 9036
306 6655
886 9209
4819 9329
3800 6021
1821 7746
4947 6510
3151 9179
4572 9824
650 9749
2611 9264
2193 9520
3617 7177
4582 8317
1809 5716
226 8010
3050 8306
3376 7001
2326 7694
2008 6810
754 6940
3855 8227
880 8333
4938 6095
3006 5644
1292 9497
2515 6511
1977 9820
4170 7120
3331 6963
3356 7664
390 8616
401 8175
1821 9171
1604 7703
2647 9207
4880 8749
1987 9447
787 6059
4350 9153
1514 6944
706 7178
688 7455
1669 9609
1859 7061
4591 9608
2282 8385
4872 6838
1565 5887
251 9443
3880 6244
2290 7215
3610 6761
3137 7150
1936 7829
3202 7940
2131 8316
1933 7219
1769 5509
2659 5925
109 9483
4125 9419
3399 7649
4809 7466
3970 8919
1645 5752
2911 5337
267 9897
1622 9613
462 5087
2047 7939
330 6263
4444 9245
573 5360
4573 5071
3724 6179
2746 6724
3514 8386
4333 5343
726 9335
3684 7598
4502 9651
3055 6949
2398 8874
361 7705
202 7257
788 6461
3914 8373
3073 9528
679 5690
2646 9435
1332 6140
2242 9017
3019 7706
1925 9717
312 9871
753 9060
2521 7212
2399 8814
2629 8882
2123 5390
2734 7844
127 8021
434 9327
2321 7022
3026 9546
369 5869
3209 9239
4483 9769
2413 5415
1450 6635
2665 5628
2946 9015
2040 8138
3977 8015
539 6242
3335 6239
1327 7753
1938 5336
2622 7671
193 7827
634 6445
433 6047
1605 5298
4971 6320
538 9564
3585 8530
4550 7509
757 7302
1323 5628
3188 9868
4718 8712
2556 6545
1111 6417
1737 8004
2392 5589
528 8418
1416 9749
4233 8994
73 9340
3180 8539
4935 5934
1027 5487
439 6288
1011 9447
2092 8625
425 9351
3687 7820
3340 5632
2936 9438
3824 5029
3337 6909
429 8631
1549 8266
1196 7730
1362 7630
2467 6142
3556 9359
138 9432
4313 9324
4904 6453
4104 8827
2620 6368
676 7111
763 6050
2973 5356
4395 7245
3647 7994
224 8864
2120 9245
2634 6079
3843 5462
4122 5565
925 7030
657 5460
3571 7740
1646 9044
1247 8467
817 5196
2810 8166
2939 5272
1818 6930
3672 6676
3640 6644
166 7247
1917 9526
1048 5174
2659 8049
4326 5080
84 5482
994 5755
3425 8044
3911 9205
4018 8536
2141 7004
1362 5357
2104 8732
2816 8113
3415 9309
1571 6137
844 9654
1906 5201
2266 5256
4760 6355
2855 8298
4089 6226
2793 9405
906 8204
59 8067
3211 8273
3028 8139
850 8129
3007 5938
3037 5967
3327 7856
165 5442
4540 7226
4127 5374
4139 6927
3401 9490
957 8315
2740 7956
930 6163
4039 5626
1638 5476
1017 5709
111 9362
140 8733
661 7638
800 5051
4318 9243
592 9875
1139 5631
1326 6748
1643 5053
1670 7698
2753 5693
3738 8288
1385 7786
1910 8939
3400 8274
3235 9488
787 5480
4497 8636
231 6838
3829 7977
4564 9744
4482 7132
1863 7750
3940 6821
2017 8967
3245 7433
2117 5528
2744 7872
2012 5569
1244 8953
2110 6422
1064 8158
2849 5946
2801 6812
1416 5287
2383 7387
4695 6817
2166 5106
251 7411
4085 6016
3605 9991
3973 9620
3618 5564
1805 8433
3480 6468
2652 6350
94 7076
3909 7176
4605 8389
2354 6679
1336 9278
4169 5647
4009 5811
3715 5179
2106 5699
3960 8136
1233 5399
2522 5788
2396 7731
4333 9167
1329 7930
2817 5819
1029 6913
4010 8813
487 7937
3400 7133
4359 9075
1242 5290
516 9005
4575 5385
1297 6194
2632 7392
303 9962
2659 9024
4639 8300
4425 6367
4437 6790
773 6909
326 8019
4769 7944
2158 9272
1401 6627
4814 7267
3858 5703
598 7280
1983 6897
2355 9471
1246 9288
813 9388
2160 8881
3057 5926
2678 6691
340 9174
2814 6493
3463 5898
3576 7576
741 9505
1608 9766
1730 6115
4493 9005
2501 7468
4234 5699
3882 9182
4079 7098
1801 6934
2006 7233
4279 8040
2075 8938
916 8297
3103 8775
3210 7265
4826 8550
2319 9184
3555 8426
2196 5155
3544 5003
1000 7072
2763 7227
901 7767
2834 7404
455 7834
4527 8870
2006 7673
1735 5941
580 8356
3346 8604
2170 5820
4597 7926
4825 6595
339 9418
4342 6281
2476 8305
1307 6208
2380 5112
2171 6282
1874 9095
4683 7283
4712 8997
2096 8727
3336 9590
1575 7785
663 9288
4262 9364
4312 8563
4114 6451
2924 9168
2341 5299
720 9085
53 9455
2583 6301
2220 8217
3417 8272
3020 7165
608 9156
897 9718
214 9336
105 6921
4928 5799
208 5628
4861 8625
649 7026
3138 7479
670 5602
4793 9753
2845 6889
4606 8392
2406 6022
179 9785
3232 8472
3517 5402
343 6714
3584 8110
1363 8564
1395 7547
3136 7630
3810 6827
3082 8435
1294 9487
4528 7377
3765 9137
4936 9451
2782 8805
4118 7778
3491 9539
3195 9010
3596 7488
118 7591
4441 6039
1198 6485
1985 8272
866 8194
4653 8529
2571 8957
238 8336
169 9003
1539 9928
3129 7618
2371 5325
3175 8350
805 7927
935 8861
2762 5842
152 9154
440 5534
638 5806
2722 6297
4454 5209
4945 8151
2174 5885
3955 9675
4216 9230
260 5929
4167 5126
3024 5126
406 7712
1777 8316
402 5605
2706 6987
4900 5152
3244 5471
748 5562
724 5592
1806 7243
2282 7168
3626 7079
529 6369
502 5812
4879 5913
4937 8845
80 7765
345 6551
889 9049
1317 9945
2471 7816
1176 5235
1112 7888
1358 5443
776 9280
1674 8955
175 5307
4175 9402
1537 5636
292 9367
564 6657
218 9296
4573 9648
4445 9993
3422 5291
1988 7707
35 5692
157 5075
4814 8749
3364 8186
1080 8146
4443 9274
685 9493
2607 6565
822 8954
1560 5008
4471 7049
978 7841
3195 8788
155 9767
702 8510
661 9866
1752 7881
549 6494
4740 7537
4831 8590
1450 9529
3776 9527
1627 9360
896 8821
2382 6738
145 6047
2906 7139
2084 9342
3299 7073
198 6297
681 5922
2620 8879
148 9375
3500 7892
2580 7903
2823 8770
1634 6679
4730 5973
670 8254
4751 7064
4917 6215
200 7070
3188 9849
2013 8042
4668 7831
40 6895
1316 9819
1563 8215
1029 8355
3703 7370
680 8541
2255 8158
4059 5691
1782 8383
4356 9797
4319 9777
108 7963
3775 9839
13 5529
1174 7645
996 8424
3089 5594
2183 8315
917 7334
3611 5559
4921 6419
3804 7451
1550 7596
91 8701
3278 8696
4419 8092
376 6086
1447 8090
2307 9691
779 7228
1746 9696
3645 8184
1489 8561
88 5092
2445 7298
2697 7942
4013 7474
2280 8038
2275 6342
3192 7112
3420 6355
1564 6209
2424 8662
3661 9927
1141 5467
2129 7004
3566 9232
592 7036
3546 5756
3670 6685
2726 9970
1965 6622
4776 8407
2860 5712
879 5292
1427 6301
3823 9875
839 6312
430 7854
4530 9885
2876 5007
4137 6072
4614 5384
1813 7092
3629 9565
2493 6925
1726 5064
704 8471
4110 8666
822 6380
2107 9016
4478 9392
4933 7935
1029 9012
3099 7265
4750 5005
3890 8814
2627 8565
2668 9672
470 6322
794 5964
1235 9431
165 8546
2000 6951
2567 5744
1949 8414
4541 9031
3896 5811
3986 6807
4811 9215
2127 9760
323 7680
3865 9153
767 5370
425 8656
1705 8801
2727 6212
4710 8010
826 7885
3003 6278
3078 5992
652 8883
3794 9694
1532 9609
507 7898
636 8973
2038 5221
4905 6217
4195 5311
1534 9516
2153 8385
3162 9644
2029 8743
4046 6040
4278 9561
3163 7097
2714 9666
1962 7571
1754 5805
1211 9209
4524 8640
129 5538
206 8507
998 8861
2584 5971
4975 6236
1577 7756
646 7387
1632 6376
3444 5432
2617 5036
3633 7475
1881 7739
3819 9710
2202 9495
4763 7292
4559 5350
1124 5389
4938 5543
1425 8203
550 6846
3478 5541
356 7380
2330 6205
4802 7489
2590 5540
4161 7680
3524 6697
4471 6178
1094 7609
514 8497
3275 9417
1349 8733
3945 8950
3692 6374
3881 8458
183 6754
943 6912
2211 7089
250 7217
1614 7253
3314 9789
3257 7800
3932 9698
1259 7919
1630 8018
857 7701
1655 6064
1427 9865
2558 6693
2292 5400
4736 6618
478 8272
3686 5526
2841 7227
4848 7360
4901 7216
1769 8491
4635 5367
4732 8947
4806 8500
3013 8562
4915 8919
240 8281
1885 6466
3293 5634
1695 8890
4536 6760
878 7877
1453 7676
1567 9773
2953 9222
1338 5210
3065 9995
840 9521
3620 6287
4049 7296
2740 6537
2710 9470
182 8557
3701 5675
3566 7878
4066 5453
1996 5803
3485 8912
1140 9930
1549 9776
1753 6762
2426 8881
1451 7579
4027 6714
4950 8490
31 7536
3862 8480
269 9087
4500 8438
3682 7556
1015 8398
1191 9422
3427 5976
534 7633
112 9427
4046 8229
3688 9600
1251 5506
3381 9608
4084 8627
707 9899
2723 6691
3011 5958
18 8922
2105 5653
3846 8775
2273 7241
2537 9727
2622 5706
4012 7557
1520 7916
959 6672
4760 7278
2539 8517
2063 9203
4380 7157
4741 6879
4767 8501
2276 6578
4345 7766
3365 5129
41 6131
3486 6489
810 9656
1917 9404
3894 8497
901 9097
2961 9988
889 5303
2296 7283
4655 9576
2240 6714
3521 6945
1379 5709
4445 8089
5000 6531
1201 7704
4548 6983
2569 9319
3649 6381
3101 5219
4886 8954
2584 5093
3090 6349
4895 7889
4519 8010
2642 8369
3313 6827
4237 5274
4360 8851
1533 9128
4146 5790
4032 8805
2484 6527
4553 8442
4349 8527
178 9100
4282 6334
1125 9160
2467 9884
4532 9427
36 9545
4338 7326
4063 6796
4156 9606
1637 8034
4435 8179
1048 7109
1909 9846
2094 5128
2181 7588
4685 7078
1512 7567
2012 9433
3369 6599
3349 8978
3839 6902
3542 6705
4226 6891
2759 7269
1916 8400
994 9735
1702 9460
268 6840
1176 6038
2393 7340
402 9788
4254 5547
4688 7439
2789 8894
4276 9407
537 5708
1280 5428
2462 5666
3931 8070
2627 5808
4275 5782
4156 6503
2382 7512
3459 8920
2772 9422
1835 6222
3523 6427
2772 5849
797 5193
1231 9091
4364 7836
3050 9000
2604 5624
565 5829
1038 9801
989 5679
2177 7917
3519 5630
2879 9055
1942 8682
857 9903
1522 9201
2735 8282
255 9627
2309 8080
4355 7057
2548 9458
2514 9372
2688 8312
1411 7939
1126 8631
4121 9282
4699 6064
3309 7664
25 5917
1944 6308
1434 9296
3254 8859
4647 5131
3184 6859
1800 8442
4792 6553
4672 6096
770 6492
2878 7502
61 8153
2338 9562
3219 7690
2704 7945
6 8548
1399 9548
4549 6978
506 8572
4880 6352
2877 5457
2654 8834
3079 9930
1197 8673
4884 9898
4880 6085
3316 6441
952 8287
2665 5973
3041 8148
3624 6838
4915 8395
1210 9886
1687 7575
19 8695
4644 7276
2107 9746
4663 5751
399 7561
2084 6887
1408 7464
1290 7275
2944 6879
4974 8698
211 8296
1516 5571
1951 7749
2001 7987
1572 5845
1807 8973
15 7981
3864 5739
2335 5617
2917 7953
3112 5262
4546 9875
144 9154
4176 6970
742 6920
1150 6999
3239 7139
2151 7907
4201 6113
1783 5458
3653 6566
778 9316
2438 7241
2509 7374
1929 9732
841 5013
1674 5133
540 6318
4958 9840
2431 9955
3178 6709
4705 8320
4043 8453
1037 6385
2430 7626
3425 6897
3539 6036
1214 8075
2523 6289
4858 6147
4442 8612
2371 9441
920 8827
1700 6219
1098 8536
2067 8615
1357 8395
526 9149
3212 7609
4 6621
1690 8861
3814 9622
3633 9732
2961 6932
2668 7079
4826 8154
1834 9420
2574 9557
2482 6874
2295 8236
1455 7722
3313 9635
4757 5029
4363 7316
4255 9965
1236 8568
4149 6580
4111 7941
340 9221
2288 5346
2560 8193
2815 5829
10 9180
1964 9883
176 7688
1902 8426
3613 6814
539 9090
2947 8656
3334 8094
2608 7128
4098 9477
1189 7088
3968 5679
1214 7872
3759 6554
3428 6408
1058 6177
3387 5105
2486 8892
3264 9019
3687 5994
3850 6061
3405 6447
371 7255
4845 5936
1758 7789
2680 6182
4469 9031
3327 7556
2755 9018
254 9751
345 6379
3045 8352
3459 8694
2921 5924
2545 7646
3402 6471
198 6996
2350 9128
2467 9366
1087 5555
3360 8688
177 7229
744 7966
4252 8619
2438 9591
4889 8637
4352 6017
3839 8669
4159 6686
2225 9867
1035 7955
4948 8656
4751 8576
1947 6078
73 7127
4916 7161
1239 6329
3758 7062
844 9896
4389 5257
3262 9543
4149 9423
221 6771
476 6707
252 5422
2146 5623
4488 9517
3769 9115
408 7640
2139 6283
852 6202
1093 5966
156 9120
3265 8014
3551 6446
3644 9684
3983 6276
3861 6240
1256 6478
4873 8813
2226 9243
2645 5074
2593 6896
3383 6384
4883 7190
245 8210
3314 5859
3029 6999
995 5280
943 6470
412 5928
3132 8820
443 8020
2541 7716
345 6872
4234 8700
3536 8239
3737 9768
3311 8364
2996 5122
68 5595
617 6926
4458 7675
2485 9808
624 7662
1604 8530
587 8410
322 7123
1068 6434
96 5424
1272 8467
1585 9435
1607 5868
4031 5314
2440 8589
3083 9342
2071 8040
1839 5010
506 5800
3611 9683
4236 6327
3418 7684
2285 6708
2774 7130
2327 9536
1276 8263
3893 5279
1124 8995
4226 6416
2737 9094
75 9328
3516 9317
801 9723
512 8405
2345 7708
344 9130
843 5233
4059 9019
4348 8085
402 9378
814 9692
51 5681
2957 9115
4985 9430
2357 5866
2279 6676
1604 5055
2105 7111
4222 8616
1001 7686
4861 9051
3674 9936
767 9171
3458 8813
2354 5630
3219 7388
3544 5015
3580 6641
899 6981
1700 9690
4710 6383
133 8243
4116 6520
3335 7895
247 5876
4404 8879
3092 7424
4965 6890
2520 5337
2551 8316
3409 9100
368 5479
4202 9970
3670 5383
637 8599
3751 5563
3311 7361
243 8567
1155 8791
3829 8406
3792 7131
1495 6050
1285 6308
4591 7899
2790 5418
3567 6879
2738 8416
1888 5506
60 9269
3337 6716
2010 8097
3358 5159
2307 7777
2265 6049
2756 6714
424 8131
1927 5464
3097 5677
3022 7262
4440 7076
1679 9873
3529 5307
3267 6344
3549 6060
4953 7123
4678 8075
167 5096
863 6236
347 6710
2589 7859
1566 7394
3899 8000
367 9351
1399 9083
4446 9449
837 9463
799 7300
3626 8377
3975 6315
2485 8573
370 7547
1390 5598
1915 8928
1556 7035
3568 5562
945 7844
2428 5591
109 5564
156 6713
1506 9446
1094 5082
904 5082
2267 9345
3610 8956
1307 5020
904 6755
4018 8505
3552 8294
3596 6939
105 5944
541 9550
1216 6285
4802 5701
1233 8807
868 7345
1886 9705
2618 6911
1130 9105
2611 8538
1756 7604
2467 8110
4504 6473
2278 9810
2832 7924
824 7288
2186 6713
279 5676
1906 9364
3989 6460
906 5839
51 6157
2485 5403
372 8471
4725 5606
2155 8088
3533 7444
501 8083
118 5380
1984 7395
2472 6740
3436 8680
901 8069
2646 8008
3579 6064
443 6510
4864 6169
4596 6036
227 7465
4262 8573
1048 7569
2519 6165
58 6004
4616 9499
281 9703
510 5185
80 8044
3508 6537
1419 8055
131 9310
3207 9349
1559 9985
4675 5216
730 7102
2062 8720
4706 5290
4025 9422
2171 8194
4674 7955
3351 8201
2403 5152
2372 6442
725 5174
414 8888
4899 9277
2123 9036
2773 6659
3557 9141
2047 8283
960 5810
4060 5071
3401 7312
1172 8621
2993 5253
3915 6670
2890 5105
3960 6045
57 7025
2374 7266
2554 8286
1151 6021
647 6837
316 7242
3056 9665
1323 9751
2891 8944
2288 6846
2700 7852
911 6298
4894 5623
1054 5496
4790 5942
1963 7388
913 9939
1731 5387
2306 9619
3028 5368
1221 6471
3341 5374
250 8924
2339 8870
1868 6887
610 5262
926 7927
2288 9398
2287 9636
1508 7556
2912 9623
704 6258
1253 5078
237 8305
1849 9394
4440 5532
1529 8195
4863 8391
738 5501
1703 5039
2272 9973
2085 5763
194 9380
145 8060
2133 9962
3341 6938
2602 6284
3582 6080
4720 6425
1081 5964
1688 5444
3268 8370
2231 7058
636 7199
3109 7186
651 6704
890 5809
701 6672
104 6704
3664 5588
3621 9370
4037 8836
4273 7234
1802 8060
2901 7633
708 6725
134 9311
4395 6255
2360 6181
4762 7003
4959 6257
2283 9953
4871 7971
2578 5262
28 5821
4075 9169
2173 5619
590 7720
3664 5089
2088 7584
4593 5275
2268 8617
2365 9349
1358 9460
1635 5225
2361 6033
3690 6004
323 7889
1625 7711
4435 9361
3814 9783
4278 7921
3990 7025
2475 8294
1947 5953
2837 8382
4662 5940
893 7992
4566 7079
2373 6837
67 5555
3624 9588
3414 8780
1630 7274
3366 9108
920 6920
2022 5351
2015 8504
4331 5889
3664 5226
4118 8951
2550 6345
1679 8563
3140 8290
4999 7731
654 5725
1062 8099
3513 5124
769 6861
4245 7246
64 5106
1266 6738
3635 7161
4926 9359
3737 5909
4874 5388
4381 8557
1656 6195
1061 9842
4802 5354
2767 5364
2158 5253
4309 6638
4562 7816
2127 7566
4304 5734
3063 6826
2757 7489
1155 5492
3085 6751
2540 8564
2405 8801
1891 7894
1105 6745
2967 9930
3333 5006
706 9775
2260 6718
1387 7185
2627 9424
4658 7487
1658 5845
1005 7205
3206 6827
1325 7268
2294 9380
4641 5616
2578 8087
4467 9250
2766 5978
4493 5709
1669 9688
3150 6030
3473 7838
996 8865
4942 6720
4202 8434
2719 9758
4472 8128
113 6211
204 8797
3731 9483
322 6025
676 5923
570 7907
3934 8749
333 8491
3573 6636
2640 9463
2846 6915
2847 5885
3532 6514
1545 5476
747 7308
3331 7713
1061 8485
3105 6345
550 5110
4224 5202
337 8776
3801 8340
731 6562
170 8518
711 7770
3976 9600
4818 6903
2866 8505
1695 9120
1746 6676
843 8427
4601 8737
426 8266
3176 5070
4706 7018
268 6647
674 7369
2472 6768
199 9972
3572 7607
378 6055
1744 9865
2546 8832
2088 7932
2901 6649
897 5225
4626 8234
4147 6179
805 7249
2072 7498
478 8431
1955 5238
3626 5417
4357 9216
3341 8123
51 5937
3717 9902
3367 7603
414 8818
3393 5195
2361 9570
645 6113
2205 7959
3014 5940
1212 7822
3153 8884
4075 6301
2270 5271
2408 8390
1653 6049
3263 9996
2149 8532
3691 6534
507 9394
194 6075
4156 7521
4545 9604
2473 6573
2273 8452
935 7393
3024 7192
36 9432
232 8189
2075 7933
81 7610
3407 7497
1711 7224
2872 6501
335 9593
1401 8157
4897 9380
4433 8501
4793 7915
1396 6950
3566 6230
2510 5436
1587 9810
1213 5543
2772 7474
153 5307
2317 6388
3884 5071
3752 9425
4223 7851
1604 9374
3613 6963
2452 5697
1775 7696
4236 9749
4868 5126
527 9150
4083 7101
3670 8607
4137 9372
656 8782
4189 5590
4439 7655
4903 6800
974 5020
4446 9628
209 6261
4112 6097
4545 7895
2978 8477
3484 5583
1866 8729
590 6834
2103 5534
424 8688
2540 6014
3628 8920
3107 6932
368 8840
2173 6255
3150 6911
3540 9254
2074 7125
3113 9042
3545 5538
1134 7215
2287 8370
1829 8041
1860 8243
1307 5465
707 9649
4948 9469
1069 5894
3854 6136
4588 7018
2710 8634
1682 9010
1274 6026
605 8717
2081 6105
3345 9243
3723 5978
304 6638
1844 6256
4991 5331
3508 5593
2245 8069
4450 5815
574 5422
564 7112
547 8615
1027 9513
2486 5958
2750 9537
581 6161
3669 6345
3734 8065
4172 8487
2685 9023
4059 5556
1422 8351
2427 8213
4925 7698
4179 7836
3309 9124
1659 6624
2794 7806
76 9513
1005 8911
2599 7590
1732 9833
587 9415
751 5054
2505 6216
3372 5298
2031 6295
465 5078
4605 5618
3124 5165
3537 8307
786 8170
4642 6005
2318 6595
859 9784
4594 5364
4967 7637
4518 6772
2270 5491
1771 5520
908 5374
2039 6104
2415 8816
270 8159
1419 9887
864 6281
633 8854
110 7767
1908 6376
2448 8576
2130 8408
4794 9911
1631 6189
2683 8071
1197 9618
3069 9441
4017 6562
2645 7195
2397 6404
48 7682
4852 7194
612 7239
2991 7509
4134 7096
371 5795
209 7934
4101 7940
3419 9124
2943 8405
2648 6377
1203 5363
3943 9452
3007 7358
4463 8291
4053 6996
2775 8766
2841 7318
1243 6281
1132 9434
3577 9647
1832 8391
2665 8249
4198 7504
4529 6785
931 6822
3941 5413
468 7155
3811 8292
2116 6908
93 8212
1425 6482
2471 7280
485 6596
4552 6748
294 8150
2532 9010
2440 8719
1407 6202
1656 7049
4323 8863
1667 8069
1958 7794
195 6811
4881 9317
3606 7099
2647 9519
1133 6034
3063 7478
4183 6761
2442 7870
3514 7279
1421 6899
607 6321
3553 6847
4743 7694
1507 7876
1229 9126
3623 6258
3587 5941
2877 7000
2033 7633
544 7362
3962 9241
4337 8698
754 7202
2631 9220
4400 7896
4417 8418
4499 7633
3819 8030
2007 6315
4500 6070
2966 7474
3350 7034
4768 6692
2109 8537
1251 8865
3111 8035
4726 5898
127 6897
1636 8791
2800 6737
945 5217
1295 8686
853 5334
3683 5963
4759 5626
1408 8910
972 7301
122 7501
3533 6589
1138 6533
2627 8636
1780 5918
4335 5052
4479 8092
3849 5501
2695 7162
3059 6309
3356 8302
2193 8827
4908 6715
1515 7591
155 9406
744 9223
3711 8516
3304 6415
4610 5661
301 5512
2844 5711
10 6932
2158 9153
2535 9376
3003 8523
188 7124
4959 5825
2498 6175
1102 7147
411 7725
1559 7850
2255 7968
2484 5191
1821 5460
3567 7938
2658 5309
3595 6358
362 9737
750 6190
405 8354
1312 5542
4867 8284
2666 5142
1755 7488
4385 7586
8 8675
1131 9449
1561 6272
3757 9291
950 6001
1877 5997
2770 5262
4359 6860
3608 8987
842 8196
1093 7247
1359 8429
1283 7728
4668 5286
2603 5356
4806 8263
1591 8516
2837 7251
1417 7300
1167 9604
3270 6543
2045 8702
2916 5479
285 9227
4913 5626
2176 8988
4574 6048
401 9584
867 6210
2815 9430
719 8961
3927 5876
1865 7620
3500 8902
4546 7786
3789 7395
2822 6905
2778 7758
714 5741
2876 8842
5000 8818
4213 7578
4857 6061
365 6688
1468 8750
4508 8906
3050 9405
3246 7215
1314 7069
2984 9002
2884 8884
455 5121
453 6752
339 6261
4449 8892
2576 6408
2452 8653
4893 6717
930 5208
2512 6072
717 8206
2056 7227
647 7493
4058 9015
1197 9652
4364 9473
2746 9159
1969 9099
278 9557
2795 9068
367 8475
4436 7497
1978 9140
2664 8466
1417 6729
1870 5327
3502 5313
869 6452
4018 8057
2207 6861
3932 6872
3234 5136
173 5036
2412 9855
2592 7918
1439 5372
3721 8695
3731 5968
2217 5839
2657 5476
4344 6848
2563 8605
323 9627
264 8535
1551 9083
2285 5101
3908 6464
970 5709
3230 5508
3936 5546
3352 8702
2571 9311
4083 7640
3837 8647
1639 6290
2856 8892
3925 8368
609 6075
2184 9861
264 5792
3815 7064
2216 8645
4514 8820
719 6239
2054 8458
2173 8756
2065 7000
591 9773
3652 8525
1365 9197
1194 9847
4714 7386
1248 7796
4647 6568
2226 6197
1056 7966
278 8267
3717 9751
3524 7163
1790 6034
2095 9831
3822 5346
3931 9188
1014 5064
1296 6549
4315 9084
3877 9164
3149 6097
2781 7656
4058 7899
4165 8896
4995 5120
4323 7601
1848 5380
4068 8166
2981 5562
1782 5491
2243 9976
4707 5027
3377 7680
3760 6218
2874 9734
684 8576
3862 7365
3018 6008
1697 9481
3978 5537
4985 9608
3221 7505
3832 9458
270 5437
3568 8678
4806 8940
767 7716
3953 7771
1209 6057
1326 5571
419 6131
3587 9033
615 7032
2567 7399
4177 7428
1948 9589
1760 8265
4148 9873
2680 9080
1125 8540
1092 8673
4885 7190
1849 5360
4041 6234
4768 7862
1980 6826
3245 8491
3422 6786
904 5402
3436 6647
1558 6020
1178 7653
3424 9632
4778 6337
4357 5734
301 9871
4379 6410
126 9149
2712 5067
2992 6878
2879 5184
3337 7092
1407 5860
212 7941
348 9852
386 5605
4721 6088
2022 9366
1600 7019
882 9654
3379 8515
1548 8681
2741 6743
655 8873
4392 8243
409 9267
3697 9679
3139 6108
3221 9064
1008 6087
2808 7704
3588 8367
31 5330
4688 9259
2627 6667
4427 5385
446 9200
1655 8520
270 9184
3048 7485
470 5412
4541 9178
1472 6200
3390 5349
3268 9385
1281 7091
2205 5185
3465 6878
1593 6137
1927 8850
2805 5777
1948 8568
1405 6836
2947 8050
4948 9042
1767 9173
2621 9393
2900 8712
3658 6994
3398 6627
3034 6636
4884 6599
539 6623
329 8183
4781 6653
2809 6017
3220 6107
1459 7322
4319 8517
1792 7925
1454 7855
1704 7326
4514 6043
2220 5379
1232 8450
231 9013
547 8720
2144 6088
2895 7556
3052 9261
3419 9046
1867 8374
1365 6164
2823 9193
1446 6044
968 8789
4866 8471
4406 5970
4833 5788
4398 7947
2155 6909
3917 5035
3268 6582
3503 8269
1362 8919
451 5552
361 9316
3054 6085
4093 5175
528 8581
641 7741
4655 6171
3903 7691
2978 7162
1987 9996
802 7454
441 7768
768 6771
3774 7282
4036 8129
52 8193
3583 6103
4775 9473
3775 5060
3521 9180
616 6603
4779 7916
4222 7361
755 6858
1761 9387
4267 7529
3166 6246
2036 7580
1565 7877
1679 6415
4401 8565
4671 5296
3209 6975
3510 5579
2911 9991
4485 5928
1026 6084
4002 9349
90 8439
73 9739
967 9568
4485 6019
3080 8170
497 5026
1850 5854
2099 5875
4568 7210
3202 6389
4774 5790
1274 7886
616 7312
2669 7686
561 5486
2225 7185
411 6889
4154 6062
157 8208
1769 7086
4973 5244
1246 5553
1545 5104
4146 5545
170 7403
2447 9346
860 5820
4188 8007
1644 8558
3125 8424
1904 5614
4172 7983
2858 8266
1552 5121
4127 5298
3990 5476
2665 5097
3256 5219
4897 6418
4676 7206
2444 5826
1253 9286
2636 5277
3408 5636
2593 6461
1814 6942
2991 7419
2139 5577
2816 6052
1263 8358
2318 8951
2383 9131
3753 5034
2737 8649
4381 9414
306 5183
241 9622
1843 8539
4529 5677
1592 8174
4327 5025
692 7762
1752 7822
4120 7854
4914 6544
3012 8640
3341 8822
3650 6417
2701 7431
543 7626
3241 6622
2891 5088
1590 8347
1170 5333
3795 8698
3093 6203
1025 5292
2799 9013
4188 8167
1817 6369
803 7409
2091 7639
461 7988
3407 5217
3813 8157
3075 5392
1968 5334
1303 6873
2051 8004
1886 5112
2968 7446
387 6200
2672 9088
1179 7947
3359 7303
1393 7254
4335 6512
1657 9802
63 8841
3834 7545
1301 5844
1536 7095
1182 7647
4201 9218
3174 5612
79 8475
2662 8963
3013 6494
2097 7668
2819 5339
4454 7854
4377 7928
994 7937
743 5517
3329 9729
1055 9671
3053 9909
4879 6869
748 6472
3783 7843
1365 7766
4123 9700
2700 5721
1903 8005
1775 7747
1494 9583
2128 5701
2699 5095
4452 8603
4718 6002
82 6185
1686 9313
4560 6477
2517 5426
2723 7170
2258 6954
3789 7757
3715 9150
4077 9416
4870 7622
4339 7224
4827 5821
1327 9780
2618 7111
2462 5770
4167 9180
2717 7391
4044 9996
4316 9529
1717 9114
4304 9001
769 8625
2626 9639
167 8926
535 7077
1866 6696
696 5749
2936 8916
2367 8520
4411 6345
3959 5303
1149 9033
513 9512
3372 6112
4961 6846
3194 5912
2686 9006
1334 8973
4402 8910
4136 5749
3550 9350
1862 6364
2499 7284
453 6670
555 9744
4498 8407
1904 7424
3582 6569
1090 7570
4997 5811
1677 5763
3930 7183
3695 7291
4874 9114
973 5841
3190 8740
567 6895
2711 7852
170 7244
1084 9340
4125 8516
3428 8427
1272 8018
484 9799
340 6677
1125 7205
163 5678
3598 7986
2505 8789
4624 5140
1440 6131
1070 8796
1132 5571
3147 5455
2202 5641
2411 5248
2412 5004
2389 7174
3376 5260
3049 6594
3012 9909
2825 9637
1894 9635
2836 7636
2607 9262
1400 9375
748 7265
3969 8126
1003 9512
1851 6184
4307 9845
1742 8405
4375 8260
634 8729
3196 5691
424 7549
4268 9907
3581 9194
2768 6253
2166 8088
831 9773
2888 8677
136 8093
2270 9095
1940 5914
862 9252
2253 6780
227 8762
3154 9106
4412 6441
2588 8744
335 9022
2712 9594
263 7181
806 7708
638 6446
3060 5700
3260 8782
4257 6328
3462 6653
2115 9462
2305 6245
3061 5185
3400 5934
3937 6748
1165 8479
1977 6720
1146 9735
561 5751
4272 5546
2927 7232
932 6460
2535 8562
881 6938
2900 5367
4186 7239
2137 5773
4781 7278
3915 6541
3580 5378
4025 8357
3348 9377
952 5797
3233 5788
4741 5987
911 9987
294 7704
4695 5322
1594 7578
2503 9472
1170 8393
1133 9022
28 6932
4419 9943
302 8470
2151 7446
2200 6644
3255 7306
4939 9028
3983 5741
3255 9488
3406 6065
2992 5432
2977 5865
3957 9653
2034 8281
1505 6426
4146 5885
1826 7726
2760 9778
4533 8097
636 9762
3125 5801
2678 8748
4973 6765
782 6835
2684 6060
2875 8522
3547 6401
3618 9800
224 7681
1107 6833
3920 5804
4657 7358
133 5187
3439 7350
777 6258
4147 8257
1570 5503
2540 8686
2732 6927
2869 6669
3083 9472
4200 5835
2744 5695
3398 9456
532 9822
599 9303
1193 6608
3454 7674
575 7877
4896 7840
2029 5199
2714 8769
3947 5382
3662 8797
2174 8316
4473 8355
311 6406
4501 9018
4595 7869
4402 6520
177 8934
2658 8935
3071 9741
450 8537
4993 5965
2337 5608
4414 5797
3128 8319
2243 7113
4333 8319
1453 5174
2606 7339
3123 6120
2770 5273
15 8257
1052 8564
2797 9418
545 8139
3613 9699
3674 8431
4878 8278
2443 6422
2004 9982
4570 7079
1364 8553
2002 8771
4186 5951
3284 5601
2667 9404
3362 6466
3061 6059
4780 8674
1815 8837
3365 5077
4179 5160
2207 6865
180 9940
3287 9816
3374 7277
621 5834
3569 7872
2354 7196
405 9800
1226 8468
4612 9612
329 7511
4201 5489
4523 5852
3577 6289
1488 9289
3027 8335
3814 6874
3037 5428
3814 6778
4446 8305
4833 7049
2636 6692
1719 7552
1295 7572
3832 5808
1258 5594
2757 9584
191 7656
3995 9024
3025 8288
1896 8826
1955 7237
2901 6016
464 9143
2073 9170
2031 5071
4881 7354
3673 8335
4481 7776
3150 6782
4708 5971
3767 7964
3985 9979
4446 6899
599 5754
2288 7527
3304 8516
2289 5601
2977 8333
4024 8209
1718 9057
1524 8685
862 7551
4853 9543
3521 9165
1024 8090
298 5101
2145 7891
648 5894
3556 8720
4889 6153
1752 9041
1113 5061
2280 8307
3184 9052
3536 5851
1635 6463
2180 5642
758 8229
1587 6720
3138 5352
519 7254
1843 7943
817 8114
4091 6421
2052 8829
1675 6685
1628 8727
1047 9230
1928 6788
4075 7846
3416 8491
3478 5691
4774 6394
163 7711
592 6358
4807 8605
1728 9143
1096 5573
368 5862
2877 5127
2181 7622
3562 8530
3962 5395
3685 6787
2855 7134
1541 8479
386 7176
4334 9491
1628 6168
3677 9512
1302 6940
940 9626
327 8610
952 8934
4427 9026
48 9632
168 6578
337 7170
3118 6430
4600 6837
2183 5022
2457 8249
4487 8185
4139 5889
4576 9209
4307 8686
2352 7785
526 9034
236 8397
4982 7496
211 9323
739 8948
2039 8666
2663 6578
1797 7154
2616 8745
4066 8577
2009 9046
2554 7780
3654 5889
1123 7966
1893 5511
2782 5425
584 7564
3918 6167
4406 7539
1029 6419
2792 8900
4946 8999
4565 8376
4088 6110
2252 9828
1665 8244
778 9786
4610 5400
4 6006
3975 9345
4408 5969
4517 5691
654 9889
4938 9017
349 9042
1138 6100
1285 8246
1648 8134
2716 5168
2580 9712
2181 7578
3479 8948
498 9916
3898 5974
4631 8965
1310 9228
4036 9545
4674 5846
3634 5776
639 8113
1164 7343
2391 8290
1915 9166
3407 9987
1829 7578
1075 8269
2209 5733
3425 5086
3300 8971
2130 7666
4230 7906
4256 7036
3874 5435
2282 5667
4639 7784
2559 7542
3566 5677
4613 9271
2045 9567
420 9859
2001 7624
3031 9661
3294 9963
352 5428
4627 6334
4422 8167
1139 8790
4288 9669
3440 7628
1085 9010
3639 9390
3866 8221
4628 6033
564 9766
865 5851
3579 8810
4794 7249
4484 9684
3286 8643
964 8076
2235 5381
1141 7704
4605 7513
1734 8642
4664 9199
4921 8487
1136 9778
2300 9319
4199 5579
1990 9802
852 9912
2127 7460
348 6144
801 9525
2390 5582
2555 6052
2308 7750
4493 6148
1472 8739
2068 5295
4818 5459
917 9242
319 5739
3847 9822
50 8318
4134 6747
4826 9037
3442 7023
484 9043
2448 7234
2908 5421
4285 6350
2557 6067
2269 8920
973 8125
1661 7586
1272 6003
1081 5446
2151 5591
4967 7668
4967 5799
1930 6558
3637 8594
830 7575
1152 5107
2637 6752
4730 9755
410 5244
3889 9315
976 5085
3999 6793
3057 9506
2566 8058
4418 6697
4517 9629
106 7532
3464 8004
858 6169
1680 7069
2839 9548
4296 5371
2080 5361
4096 9230
3662 5550
521 7019
3407 8212
2710 8739
4489 8657
392 8472
2195 5829
2796 8667
4877 6148
4010 6818
1539 5815
4002 9155
3448 9339
2421 9811
3063 7933
2667 7138
1109 5897
973 5447
402 5381
2039 9446
767 8159
1442 9393
1521 5346
835 9006
2849 9703
1190 9539
4490 8836
3267 5502
4725 8363
1620 6025
1534 9597
3658 9646
2743 7866
4865 8425
2757 6386
3499 9101
2491 6278
4949 9178
4655 7902
3339 8588
744 8545
845 8822
2397 5842
1366 8660
2864 9216
2441 9725
4696 8728
3839 8363
667 8162
1015 7447
2492 6666
712 5686
2782 6439
2369 7136
918 5352
2113 8565
3442 7814
3622 8822
2572 6384
341 9394
473 8330
3374 6522
3688 6910
1550 9326
3895 9681
2114 8681
2712 7602
2599 8074
2259 7778
1009 8835
2807 5410
1285 7778
1386 5547
4712 5792
3720 5719
1519 6712
4829 9977
1264 9710
3361 8953
2155 8521
4494 5079
1003 6374
1896 5907
465 8619
4810 9120
2039 7085
2352 6295
3262 8997
680 5154
2504 7859
2808 7242
3895 6920
28 6033
4807 8081
4142 9923
1558 8712
1361 8321
2984 8391
849 5996
2680 7389
2102 7291
2434 9402
939 8254
1824 5040
4481 7067
4983 6152
3977 8366
709 8055
2734 6079
2658 7552
890 7258
3618 9115
3631 7204
3591 7892
1330 9081
2187 7402
217 5112
845 6054
3000 5969
4683 6292
1957 7725
3810 9717
2949 6238
521 5348
2844 8076
1966 8077
4506 8739
2532 7542
3680 7384
793 5922
3274 8744
1189 7257
2095 7843
3792 7917
95 6996
4575 5211
3126 7167
4348 7413
1885 5254
3957 7389
1616 5735
4125 5742
4594 6497
2581 5746
2194 8057
39 9962
1561 6628
3163 6985
2573 9987
3112 6141
370 6043
3183 7389
3238 9915
2558 5983
2979 6477
3319 8866
1480 9131
4537 6814
3528 5844
2545 8041
97 8321
4495 9023
2749 9612
4375 6908
4737 8959
2136 8813
3664 5868
4799 7891
1368 6127
3283 7037
3828 7939
4776 9486
555 5279
3453 8387
321 5544
1043 6639
2915 8493
1005 5238
292 5235
4095 8454
3431 6318
4480 8218
4177 7086
4972 8612
343 5705
3544 6026
2450 7856
3357 6635
478 7607
1386 5606
2110 8084
3693 5802
1828 7557
3817 8371
2008 8125
2891 7003
4376 9008
4032 9604
2905 8244
4694 5726
800 6984
4100 7889
2159 8336
3374 6422
1451 8216
4036 5798
1420 9477
3290 5837
3704 8814
1737 5266
4081 7106
2551 5227
3930 5623
1926 6719
3201 5759
173 8142
2232 5810
4484 6529
2547 7984
238 5177
250 5347
2670 7308
1688 6282
2948 9302
35 5749
2854 9590
1272 7194
585 7965
519 8042
567 6913
143 9214
390 7743
1069 9227
2103 7926
2428 5111
2839 5635
2800 9030
3564 8230
3385 6325
214 6121
4081 7912
1619 8487
4127 8069
3984 8397
1996 8662
656 6515
1512 8599
1348 9388
4046 6976
4390 7821
3780 9822
4749 6088
2115 9515
4074 6277
1096 5346
862 7641
4796 9506
833 8013
4656 7044
2771 9065
4971 6994
4386 8013
3863 6879
2050 5072
825 7123
3107 6476
4508 6901
2738 7861
1819 6274
1316 9039
4982 5853
312 7116
1449 7261
4071 5220
4353 5679
3297 6388
1218 9508
596 6781
1107 6451
873 9571
1079 7023
2087 5373
500 9193
554 7755
2898 7938
2493 5516
1225 6449
2372 6006
1196 7911
2255 5594
3719 5366
3128 7143
4918 5044
515 5384
2155 9953
2208 6699
537 9070
231 6615
3664 7634
1962 9820
1170 9120
4835 6833
3664 8981
4767 9899
2421 5550
53 6308
3382 9339
3912 8165
2303 8467
2976 7075
2495 6968
3204 7184
3089 5156
684 5109
1046 7787
2237 6504
2241 6792
2360 6045
4123 5475
2876 7132
3853 7105
3585 7661
651 8145
2240 6602
4438 7253
4105 5755
1705 7561
1519 8608
3957 7286
1856 7459
1586 6479
2699 7042
63 8147
3786 9410
3572 6448
328 5040
3320 9971
4604 5140
4588 8036
1287 5389
1796 6347
2531 9010
4749 9929
3946 8162
2292 9655
4810 7393
228 5377
4239 8949
4433 7497
1251 5744
2027 9663
2823 8358
1399 5214
4426 7961
628 7584
3823 7404
3582 8509
4520 8498
4251 9764
4271 7964
4764 7431
3372 6400
3572 6895
4207 5036
4296 5149
685 7051
3736 6339
4227 5423
2928 8539
2221 7825
4172 9001
1396 6609
4813 5867
4949 5641
3199 7212
6 9179
965 8708
4231 7467
4235 7770
1583 6384
2089 9667
3036 7545
4494 5082
4085 8427
3084 6156
2780 6625
2279 8941
2666 6141
66 8468
3413 5363
2762 9422
470 6884
3049 6785
1153 8558
1685 7110
3466 9056
3682 8846
1446 7097
982 8256
2753 9324
4266 9086
2427 8943
4681 9536
958 8573
3943 7802
2307 8317
2849 8691
2930 6743
3237 8332
283 8205
4739 7560
3131 6815
937 6932
291 5674
2583 7105
3548 5010
1636 6613
3343 5522
3199 5049
4687 6668
2757 9197
570 8346
3802 8529
4645 7021
400 5031
3560 6437
1146 6514
2396 5642
839 7104
2143 9108
1193 9706
1477 9773
4548 8874
3319 8979
4329 5087
1470 8477
2618 8605
4360 9018
3919 8393
1777 9816
2322 8054
1999 9189
1799 6842
2575 8250
4251 5288
1596 7678
4045 6897
4621 9713
2622 9308
4329 5686
325 8071
4654 6299
874 7442
3578 9905
3754 7701
3165 5985
3447 5198
13 9899
2768 8032
1454 9573
1461 7128
2048 6257
1133 8369
1301 8876
4812 8966
3780 6513
3566 5462
4005 9696
3082 7092
4008 8823
3262 9613
1491 6602
370 8139
4385 9445
2425 9052
3617 9768
2464 7395
3989 8764
3444 7673
4256 7537
4481 8863
323 8424
2382 5875
529 8096
1466 8576
2616 5984
1522 6920
934 8970
335 7777
84 7871
3690 9086
2504 9398
607 8583
4625 5930
3851 9741
1437 6390
984 8040
3712 8385
4179 6024
256 7181
1694 9211
2327 9108
2919 7869
4882 5042
1809 9790
2340 6182
1415 6836
3807 8670
1787 7536
1667 6517
3868 5643
4910 9054
2170 8098
767 9036
3736 9019
3800 8822
1250 6791
1639 9572
2333 9689
565 8919
1420 5787
4712 6696
3105 7982
3411 7119
1396 9543
353 8359
376 8889
1891 5862
3599 6877
3908 6463
4834 7893
3138 5623
3399 8667
2332 7519
1862 9968
3048 9639
4388 9486
3083 8384
3697 8833
4461 6196
4548 6452
4719 7273
4216 5580
2587 9643
3320 6451
759 8558
895 6048
1016 6766
2418 9416
3636 8370
2200 9116
1817 7618
3216 9861
4570 6763
1920 5872
4599 7519
1192 8844
2350 5541
1271 9973
1004 8414
2083 5382
1674 5695
4091 7441
4297 7477
1195 5429
1272 6015
4264 8322
1201 5538
316 7240
741 9912
2457 8998
2580 7830
4070 6448
4384 6033
2578 5467
1932 9535
1426 6979
1839 5428
3121 6793
3663 7812
3498 5563
3188 5870
4219 9421
3721 7803
673 5774
2434 7114
4369 8652
908 5871
1309 6875
3767 8716
295 5794
3571 9822
4234 5894
4684 5107
60 8396
3724 5867
708 5593
64 5578
1876 7158
2748 7261
4591 5319
3514 5019
3112 8696
3809 7173
811 5799
780 9110
4046 8347
2019 8438
1863 5416
3436 5078
2035 5905
2076 9620
3303 9008
4545 5122
547 7170
4444 9321
1839 6801
4052 9179
450 9381
2538 7013
3846 6801
342 8517
2672 6602
2321 8301
3581 5646
2017 7860
3715 8996
3310 8149
1565 6671
1948 8340
1322 9223
3512 7502
3186 6390
4107 5058
2261 7861
2576 7788
4589 5920
592 5183
2289 9812
1227 6217
2574 8544
2149 5819
2091 9959
4749 5511
768 7012
418 5971
290 9993
8 9531
1809 9979
3999 7192
2189 9271
250 7496
3436 7634
967 6063
3559 6066
4347 6668
1968 7560
3672 6797
317 9355
224 8458
4704 7737
1905 8468
2022 9403
2605 5338
1967 6285
4425 5216
3962 5561
1566 6893
1265 9161
3098 7319
3628 6096
2696 6514
686 5343
1375 7756
3379 5446
347 7111
486 5269
4106 9785
4551 7142
2778 8374
2728 6987
4503 6019
4807 7045
2504 7322
3097 5987
1803 7366
4844 9191
4571 7732
4961 9711
2638 5029
3613 8036
1808 7621
3365 6730
1393 8712
2078 9252
4127 6257
189 6264
2835 7564
4527 9749
3527 6078
1251 9105
4688 9280
1804 5438
4753 9730
1879 9851
803 5570
2311 9155
4312 9866
2121 6021
2645 9507
1754 7645
2211 9890
612 5449
757 6257
3941 6642
4032 6328
3753 5224
3075 8961
3873 6150
1878 7141
3515 5637
4216 7159
2336 9676
4503 7789
2247 7697
4569 8383
4334 7604
468 8280
1342 7926
2507 8209
2461 8844
1360 8693
226 5111
4552 9352
2529 6694
1807 8290
1962 6478
1055 8927
2913 8136
3116 6283
4498 8747
1456 8835
3065 8900
2122 7204
444 6984
758 8509
2943 7732
4137 7160
1640 6657
4488 9115
243 7677
3955 7432
883 8308
2964 6163
3210 7785
1842 8818
1550 6176
1627 6305
3998 6282
1919 9566
2082 5099
2122 7384
4582 7696
3643 9280
2909 5116
4488 9514
3224 7542
2905 6262
227 8196
2718 7806
207 6203
3245 5761
1811 5673
1111 7423
4080 5636
2336 8766
733 8381
2086 6227
3860 5444
3183 8905
3587 9284
4155 8555
4040 6166
1340 6763
4716 8038
1139 9101
3398 5690
4778 6400
96 8560
2620 6334
4994 7852
4264 7716
1720 7445
2164 9250
1341 8049
1526 7784
2872 5379
836 8904
1531 7781
3448 6978
4606 6335
1314 5756
2135 8932
1749 5517
1632 6546
3758 5038
4021 9519
2925 6809
4538 9519
1345 8277
294 6278
577 9292
610 6022
4232 5854
2279 8209
2717 6496
3297 7711
3187 9286
2723 8713
742 5178
840 7553
2381 7561
2697 8212
3123 8267
4218 8598
1475 6482
636 9905
3690 5629
1532 7482
1258 7234
1393 7570
1192 7524
78 8726
4858 9041
2120 8891
1499 9358
2085 9589
1485 8403
401 7578
1612 8355
1310 5970
3555 5717
1241 7048
3191 9957
1151 7538
3733 9975
746 8952
320 8954
3121 5250
4391 8685
3367 8081
2033 6545
576 8841
3951 9594
59 5825
265 7778
3156 9941
1025 7648
4692 5408
4352 9453
3703 8078
4430 8690
3630 8778
2466 6244
4209 5499
4611 6801
2550 8624
112 5771
1479 9619
1651 8715
261 9580
4691 8051
1704 7377
1968 8523
986 5720
3908 8785
1969 8886
684 7264
1932 6470
2250 7938
4716 8844
2170 9493
1219 9034
788 9165
4270 8986
2206 7599
3774 8240
2234 5967
3838 7181
3828 9650
1672 7906
3894 5060
1707 9227
177 9350
348 5210
207 9557
4813 5803
427 9962
2661 5728
304 6806
4374 7130
2703 7322
3271 5216
2848 8177
2382 6193
4211 9722
862 6853
424 6260
3405 9011
3116 9015
1286 9080
4306 9849
1157 5415
2626 6787
906 6626
3798 5901
4280 5526
317 5250
824 6638
3550 7906
3563 5336
2106 9960
2841 5411
4771 9009
192 8413
70 8456
3009 7297
900 9021
2387 7219
832 8951
2765 5637
1807 5917
3796 9896
2016 8553
4237 5935
4437 5581
119 6407
4165 9046
299 8236
1722 5477
2009 8998
3134 6691
1269 7715
4507 6921
3820 8880
1267 7021
993 5380
3068 8712
2550 8201
4033 8798
2115 6724
1841 7647
3106 7259
4763 5950
2219 5398
4581 6169
3000 8620
2427 6332
3425 6464
2465 5333
3656 5226
1184 7105
1803 7293
35 5740
1257 7914
2827 7533
4621 7479
1805 9009
1155 6900
4028 9261
3664 5513
3988 6856
1518 5284
4614 7579
3015 6296
397 6075
1309 8183
4267 6903
4456 6477
2244 8240
4350 6349
1736 5087
3060 8245
1923 6457
4210 5187
891 6256
586 5743
1342 8306
2747 8691
206 8072
3931 7496
3901 5727
904 9875
1338 9141
666 6763
1880 6033
3748 9630
879 8057
3576 7458
2132 5795
1803 7327
2464 9682
3062 9466
1280 7747
3168 6142
3358 9464
2162 8343
2600 6165
3425 6325
3795 7722
2929 7433
2461 5408
3256 7962
2262 7332
2835 5199
1466 8052
3006 5896
429 9640
290 9047
4744 6931
4025 8432
1331 5834
291 8937
864 7476
886 5850
4678 5976
4212 8710
625 9774
2621 7049
3424 7729
2745 8833
3757 9578
4426 7293
3990 7268
1458 7094
4413 9646
4654 8722
2361 6644
36 5297
2786 9465
1258 9482
4480 9352
1572 6756
4670 9739
3360 9780
4985 8509
1991 8273
1686 9679
166 7372
4197 7169
264 6218
285 7365
3411 9029
124 7113
1126 5058
3690 8565
1029 9161
3834 6097
198 9640
1339 5215
1858 5455
3654 5863
1686 8187
177 8050
1366 6344
3335 7271
2715 8784
3507 9750
2614 8328
1013 6307
503 6809
1019 8459
1118 5496
4697 9371
764 6156
2560 6700
2442 7827
355 8228
1550 9954
1057 7314
2535 8489
1541 7371
3066 6196
1546 9902
3526 5700
338 6125
556 9791
4449 9313
1548 7283
4063 8357
321 5938
357 6231
41 7323
2943 6784
4237 7135
3632 7344
1805 9928
4363 5980
3314 6553
2455 5983
2100 7933
4821 7894
2433 6273
2958 7718
3595 6652
2395 7140
1098 7359
4612 8345
1781 7855
3147 5965
950 7841
2046 8780
2988 7599
3643 9292
4466 8340
1829 5131
2842 8069
4802 9222
2661 9682
1984 8031
1007 5368
191 5286
1642 8618
3568 9162
2676 5557
1989 8181
223 8413
1175 7587
4453 6629
1934 5470
3193 8695
3708 8986
4362 6678
1128 9173
4810 9728
1028 6137
4286 6275
1584 9605
4851 9704
3412 8215
2895 6765
2319 9480
3407 6984
2938 8382
4625 9571
4691 5179
3967 5200
681 9382
3571 9549
3902 5958
3817 9701
3987 8737
4935 9563
1031 9293
2764 9265
4257 5348
3561 7483
3261 7609
2467 9681
99 8745
2722 8375
1199 6520
2041 6214
199 7380
423 7836
699 5351
3491 6204
1180 7295
3528 5099
4857 5805
2164 5082
3647 5946
2911 9193
248 7759
1440 9793
3753 7804
1018 6029
2065 6725
657 7560
3596 7116
17 8136
3117 5328
3169 9498
3881 9961
3839 8624
3257 7391
987 7736
1486 7178
1648 5807
2754 9936
2051 5260
980 8186
4363 6277
4147 5063
3891 7009
647 5863
1806 8834
965 9192
1159 9997
4960 9032
495 6059
1216 8604
2604 7200
1687 6428
3217 7813
1676 9982
3751 6085
4047 8075
1298 8096
2524 9854
1962 6817
1865 9901
3542 9714
2999 8660
3530 9745
2978 7233
2754 5600
514 8532
4244 6935
4642 8655
2172 5794
66 9180
3151 8180
1728 8321
2848 5487
3168 9614
3309 9956
4052 8744
2988 8074
4859 7385
4288 6833
884 9931
178 7979
1447 7424
4375 8794
3136 9868
2425 6032
1196 7817
1832 6379
505 5600
3167 8119
3124 9683
242 7796
4481 6890
2122 6801
1279 8205
2030 5368
3642 7669
1633 8164
4519 6783
3295 8105
4260 5922
2073 6173
4343 7980
1399 5193
2194 9489
4347 7266
4355 5198
3390 5855
425 7813
3181 8886
3084 5689
4884 5447
4773 9868
3160 6353
1602 6900
4190 7597
1430 5622
1866 9886
1117 8879
4053 8386
849 5690
4025 7387
3367 6926
4647 7163
45 5594
2117 7437
1316 5957
1697 9110
1141 6383
4293 5872
3165 8510
3239 8195
2308 6493
3030 8817
1195 9747
2772 7074
3254 9005
3047 6469
2910 8128
3971 5773
1478 9225
4277 8689
581 7360
3035 9137
350 6045
790 6141
4618 7230
1633 7239
3875 5856
2091 6207
2365 6109
1221 9243
1507 7235
1311 9676
2142 7476
2061 5051
1709 8439
3288 8807
51 8502
1737 6781
2726 9272
1925 5376
1212 8848
1192 7121
525 8388
4982 7196
3954 6699
1647 7669
3721 6769
834 5009
1243 7441
3586 9260
2672 6985
3948 7217
466 8927
1513 6894
152 6243
3949 8972
2379 6044
1109 6334
2107 7750
1999 7042
1548 7329
928 8302
123 8091
891 5817
395 5372
241 8232
872 5109
2347 5612
1297 5677
1001 6972
580 7946
2030 7926
980 6988
2720 5424
4617 8288
1036 8777
161 8625
3402 9466
3181 8944
1670 6992
426 9436
3843 8809
3370 8473
721 6525
1765 8287
2992 6895
4788 6517
4330 5163
1709 5131
1119 7604
3763 9493
4738 7304
1741 5919
4842 5528
3889 9715
4366 6082
1707 7733
4080 9561
479 8767
1687 5112
698 9603
2165 6503
4554 6807
1009 7572
163 7455
701 8230
3547 8452
2597 5686
2048 6259
3852 8896
2011 8437
4048 6867
3076 6303
3669 7324
3175 6764
46 9325
1427 9549
4367 9630
3364 8734
2948 7955
1906 8435
2267 6291
2082 5654
4870 5629
3557 9403
1372 5784
423 8864
789 7639
2031 10000
4723 5283
3440 8442
3484 8814
1738 5163
4335 9578
203 9799
559 7302
3615 5785
1231 6411
144 5971
4151 5966
1803 7467
2959 5649
4432 7240
1430 8225
3261 9903
4474 5777
4011 6344
1067 8360
3735 5366
260 9132
694 9419
2926 7512
1712 6587
4959 5416
3911 6046
4917 6119
2258 6865
1458 6369
822 6638
244 6344
640 9557
4516 5505
1670 7293
616 9795
3492 8398
124 9348
201 5012
1478 7364
2186 5020
2557 7425
1677 5903
202 9388
3539 7176
1081 7492
4430 5848
3495 6152
2036 9147
2962 9325
3206 9402
4335 8241
1828 7560
2242 6639
1511 6345
2822 6951
3114 7770
4320 9363
2925 9173
712 5741
3543 7146
2012 6874
4290 9620
885 8606
4594 9583
4482 5722
976 7062
2769 8051
233 6171
2773 8164
3918 5897
3183 8249
639 7993
257 8068
1149 9930
3772 6481
4622 6166
4719 8619
2906 7268
1444 7013
1607 5738
346 9459
1177 9682
2640 7449
2639 6087
3246 9561
3897 5492
98 8919
4612 9800
445 8615
3926 5041
344 5085
4697 7355
562 6340
4400 8651
281 9848
1231 8774
51 5714
4524 9527
1886 8920
1386 7387
3114 5246
2438 5907
856 8384
3204 5370
4082 7026
2364 6685
1253 6779
3457 7663
3643 8763
1577 9271
1959 6890
139 8180
2819 6034
124 8518
4087 7332
3135 6640
4984 9838
2542 5820
1562 9670
3664 5532
927 6819
1013 8281
480 7286
1616 9241
2311 6122
3872 8182
1408 9603
369 9639
742 9123
2986 5731
3172 7878
990 6890
97 8687
2094 8164
2766 9533
4797 6650
956 6080
807 6997
3048 6804
3914 9160
1293 6580
15 7917
1325 6300
1602 9202
1732 6959
1414 5127
3626 6135
2444 7930
59 6083
4862 9829
1686 6582
2269 7950
4842 9661
2287 8260
3761 9394
2597 6264
121 9455
4622 5962
4000 5854
2357 9270
998 6519
4927 6775
4253 8738
4834 9315
309 8650
1578 6665
2110 6274
3745 8383
2291 5703
4737 9263
4510 7973
4083 5910
81 6819
1473 7766
3978 9476
2521 8875
999 7004
3802 7847
3959 5199
1587 6264
963 5964
881 6170
1496 8053
1116 8881
2299 7555
2345 9266
1664 5431
1541 7149
3291 6936
2313 6714
3880 5372
3190 7419
509 9199
2387 6318
4993 5446
3503 5530
3485 5418
728 5957
1402 7270
185 9666
2623 7062
45 9993
2115 9641
1484 5677
4183 8255
3937 9853
3284 9034
867 5416
236 7354
1719 8740
240 7559
2370 5054
4775 7748
4685 7076
3555 9741
2100 6183
1650 6196
4186 8973
3141 8134
33 6764
1952 7733
4802 8848
3624 5966
4250 6735
624 9856
1035 8113
2841 6562
4302 8103
1342 7250
842 5687
1305 9696
112 5088
2949 9017
2734 9417
3600 5375
3273 8559
2586 9170
4146 5310
564 5117
493 6946
302 9760
365 5809
4482 7549
3602 6023
4512 5500
693 5586
2704 7368
4993 9590
386 6717
4038 8498
286 8668
4020 5413
1233 9821
1421 6715
66 9042
2125 7108
2942 8329
2651 9305
306 9247
2734 5326
2750 7315
3153 8780
2541 5690
2594 9651
467 6820
275 6112
3959 9079
1023 7736
2127 9601
335 5296
4298 5331
3671 6064
3125 5648
663 8393
2008 7174
547 7304
2154 9972
3532 8437
3561 5459
3326 9670
4263 7362
348 9078
3773 8207
3712 9104
4132 9533
1875 6493
2639 6680
333 6523
1176 5921
2956 9611
4141 6042
4450 7700
2189 7536
1768 7291
283 8659
3742 9103
2616 5477
2238 7906
1034 8750
3267 5258
2821 6475
271 5939
47 7910
4659 5546
2005 6279
1607 6472
2682 9002
661 7612
4831 9202
260 5196
4526 6569
2141 6666
1797 5497
3291 5847
3546 8115
3924 9619
4278 6403
4816 8998
3156 8905
4386 5102
3931 5058
1733 6570
2626 9668
4571 6235
1835 8381
1129 9248
1379 7115
3321 8959
700 8280
1770 5573
418 6662
3771 8643
597 6363
4085 7897
4311 6009
511 6185
4372 6181
938 9109
44 5116
4816 9520
4982 8450
2030 6137
4647 6657
489 7442
4007 7632
2228 9494
3586 8969
2871 9456
2680 5187
1981 9146
4098 7898
1263 9997
579 7108
3246 9535
1718 7589
4251 6643
2788 8342
3666 5589
1405 6794
2630 6449
1147 9437
1626 5498
4849 5817
3938 6131
1753 9756
8 9536
3073 6562
4077 7306
1064 6816
125 8542
627 8499
996 5884
538 6573
171 5226
4694 8220
4313 7293
2330 9220
4415 8744
1734 7451
1415 8299
612 9921
2145 8137
845 8516
1983 8213
4527 6078
1685 9387
863 6796
4348 8906
4943 9657
18 8379
1474 8516
1325 7619
4195 7235
2889 8857
3716 6707
3082 6592
714 6373
1637 7461
1803 8554
4221 9762
1367 6213
4742 8360
2705 9792
1420 7591
3415 7426
2357 6889
480 8776
3379 9099
321 9612
4622 8415
3372 6096
2993 9010
244 9194
3350 9659
2465 7486
3814 5741
2363 5975
729 9668
4298 9391
1625 5027
4027 5711
178 8683
3520 7635
2638 7718
4563 9248
4310 8511
773 6127
1341 7282
3928 7809
1545 5602
2555 5223
1296 7698
2285 8441
806 5100
502 6484
608 8133
1061 9237
977 7879
4819 8167
3976 7236
2697 7589
1201 6981
1353 8339
2434 8351
1340 5504
2908 6410
1344 7098
4957 9770
213 8201
2117 7054
454 5113
2549 5959
2845 8156
4458 5036
1850 7729
1324 9302
4456 6905
3568 7367
2729 9283
2129 7986
2373 5668
3180 6317
4709 7660
3079 8438
4884 5923
4401 9143
129 5562
3529 7586
2665 8834
345 6259
2869 5110
391 5304
4272 5013
4367 9148
4760 5526
1505 6181
3054 6770
2591 6320
1081 8311
4448 8446
1775 6359
4488 5659
4912 5595
524 9578
4375 5414
3967 9058
1679 5332
2061 5131
3532 5494
12 8517
93 6836
4979 8880
4224 8518
2184 5081
2287 5994
2553 7963
3058 8433
907 5937
362 5349
382 7726
4879 5401
2396 8764
4873 7135
1771 8177
1429 5863
3667 7291
4133 7880
1978 6828
2153 5597
1133 8131
344 7749
4818 7097
2240 7801
4609 7610
3086 9564
371 6262
3504 5232
3431 7694
674 6974
2858 6406
4180 8390
4392 5174
2049 6346
693 9577
789 7218
2874 8683
4528 7655
2065 8710
1034 8289
3917 9328
2376 7656
3996 8326
4636 7365
2895 6583
1058 7343
4372 5422
3187 6216
887 7930
2297 9713
2986 5728
903 7222
870 9223
2197 7559
3173 9901
3052 8938
1538 5147
3965 8262
4591 7986
2402 8863
4952 9381
2978 7449
4121 5766
3887 6712
798 9978
3561 5820
4034 7816
1111 9838
4516 7873
618 7381
4332 5423
2730 6794
1696 6307
2214 7177
2728 6420
3043 8900
3410 7439
1060 5954
2717 7885
236 9698
1249 9441
2890 7440
3648 7382
3085 5309
811 7721
3676 6580
1477 7575
4625 5234
4179 9590
4858 9710
2492 7081
1762 7616
1558 7046
3921 9810
4181 8250
2213 6470
4755 7146
4059 7740
3551 9526
287 6769
4131 6484
314 9500
4922 9829
1649 6927
873 9943
2527 8881
3523 9862
4105 8497
4817 5180
1027 8046
2784 8995
3287 9649
2603 8927
806 7363
970 5239
1047 8765
4010 6621
2340 8663
299 9302
474 7053
461 6176
4021 6489
2226 6679
4514 9280
1373 6393
3916 7905
549 6872
3987 7512
1772 8587
1326 9024
114 8395
3040 5807
487 8395
2442 8942
1442 6326
4641 9183
4181 5884
1533 8462
4291 5295
4754 7581
1700 5931
4429 8934
2455 8045
4163 8914
4063 5793
4816 9532
3264 6372
2822 5232
2742 8709
3636 6797
1737 9237
1351 9065
3447 9241
2752 5826
2480 7411
3788 8097
4132 7728
7 6895
2653 5624
2221 8784
1254 9367
3568 7417
3701 6677
2162 5156
386 5242
2554 6589
2020 6512
636 7098
4608 8102
291 6248
17 8997
2746 7822
3639 5686
3401 8022
2348 9437
3532 8292
1049 6765
81 6612
2827 8364
213 9734
1916 6372
2810 6106
3055 5807
4272 6348
1567 6557
2611 5396
1575 5513
3325 5030
2716 6969
2160 7286
3581 5195
179 6875
4648 7375
1854 8512
1138 6290
1246 6976
3965 6726
4650 9217
697 7322
3805 6125
2677 7054
1799 7351
1316 6753
952 9079
4559 8068
2987 8272
17 8761
251 6195
1151 9851
4750 6523
629 7344
1732 9467
2426 8517
4069 9625
4746 6594
912 6108
996 8409
2141 8838
533 5400
423 7921
64 8605
4537 5503
2712 6913
2554 7604
356 5511
3840 9320
4148 6753
2711 7317
3606 7305
4488 9536
4096 7271
4385 8007
4614 7436
1261 7697
986 7129
1335 8438
210 7697
3951 8706
1551 7811
1225 9014
1478 8787
2734 6806
832 8998
1443 5128
2299 7914
2001 7656
4509 8147
1626 5654
2249 5840
2569 9920
4096 6720
2125 5199
887 6240
4847 6182
1391 7613
320 5753
1810 5880
428 5153
3443 9533
4561 5431
3896 9235
4087 9267
3864 8341
4223 8502
4038 5678
377 5693
45 9687
1957 8156
3713 8700
3527 7884
556 5531
614 8063
2372 7999
1067 9921
204 7756
413 6805
2503 5813
3020 9027
4265 5320
1100 8068
4008 6336
1085 8696
542 7756
627 6110
288 5230
2625 5166
1692 5540
2645 7924
2324 7617
420 6601
2443 5602
3178 9795
2065 7823
4649 7071
1088 7798
2202 9403
2967 8952
4780 6504
3909 5366
2249 7248
2292 7968
4745 6305
1759 5545
191 5143
2498 6541
4853 5938
4742 7104
2954 6119
751 6651
222 7967
3655 6055
4319 8652
3855 9845
2832 9462
2459 9993
4994 9714
2866 6205
2559 8320
3153 9019
414 5224
1449 5054
1544 9388
3962 6197
1710 7317
2332 9643
3201 7326
263 5305
2391 6553
2179 6032
338 5531
2045 6838
4311 9577
2554 6287
828 6630
2730 5752
1827 8685
4202 8954
4045 7767
2660 9165
3111 8844
1337 7936
4509 9448
213 7829
2663 7945
2082 9018
3233 5472
1072 9191
1636 7264
1133 8836
4960 6076
1437 5981
2219 8229
3199 8027
3768 6612
2161 8693
2028 7037
1646 6587
2133 6481
2228 6854
1762 7976
1906 5154
1018 5741
1943 9840
4578 9241
2492 8052
2671 8953
4872 8236
3985 7673
2292 5332
3179 7859
1157 7646
1580 6238
4138 6905
196 9028
1935 8714
2975 8056
322 5369
1627 9850
16 8265
1015 8829
3778 6257
1663 7554
1369 6646
1396 6600
2034 8571
1017 8771
2352 5733
4381 7087
3602 9324
3309 7653
3173 8576
396 5788
4327 5797
2819 6711
1652 6223
1144 9693
1050 5910
3333 5789
1105 5645
3955 9501
3168 6237
3044 8645
3442 5277
3425 6138
4797 7861
4767 6407
2779 7806
903 9156
23 5435
4826 6705
4270 6653
125 8254
1781 9401
1028 6756
4647 8079
4976 7209
3148 8867
61 5426
4415 9674
4926 7010
4274 5413
4611 8485
4866 6944
3097 6624
1894 8504
4890 7482
51 8445
3887 5114
956 7784
2147 6127
2600 6231
4823 6796
2542 9389
4694 7705
2613 6582
2575 8541
2024 6930
999 8481
1575 8859
3495 6306
2914 7586
3881 5532
916 5518
2700 9810
4196 9183
232 8517
4759 9279
4975 8585
4567 8345
1572 9571
557 5782
4016 5756
3359 8729
2805 7568
2722 9191
347 7968
3450 8710
1509 7129
2289 8090
1816 8226
3509 8748
2285 7060
3400 9137
9 8389
3268 9224
1490 7300
204 6296
4629 7298
143 5853
528 6345
73 7428
3891 9206
704 6460
4151 7488
2300 9266
1278 7864
418 7886
3240 5516
2866 5685
1404 9067
2290 7529
4130 5848
2895 6547
2262 6401
3762 8214
4679 6923
1834 7349
4718 9262
4861 9198
2052 6964
371 9612
1214 7937
4831 8556
1478 5041
831 7283
3673 8797
270 5760
4193 7595
323 7514
741 9467
1564 5709
258 9314
150 7431
845 6941
1522 8129
4211 6427
4220 7892
2962 9931
4675 9819
4990 8657
1507 5978
3905 6085
4512 6059
1874 6826
4847 8341
3382 6579
1265 5981
4490 6751
4941 6831
3608 5106
3985 5513
2110 7678
1557 5019
1569 7982
3832 7034
4919 5387
4130 6433
2931 8224
1244 8346
2183 7330
4136 5920
3805 7869
793 9896
2505 5014
4379 8386
1687 5824
2665 5772
3139 8393
2877 5580
3965 9572
3396 5058
124 5012
3986 7413
283 8480
2910 9260
2593 7467
1791 7516
892 8595
1452 6175
2764 7568
2735 6018
53 8707
102 9041
1308 6474
1035 8943
1182 7729
3542 9803
4285 5933
4826 8448
4402 8837
1539 9774
4878 5086
4772 9315
4418 7933
3310 8448
1637 6993
99 5736
1093 6280
1950 8312
3000 5960
4578 6726
179 9880
3800 8024
3477 5451
529 8836
1293 5347
2522 9559
4469 7307
2577 5211
4150 5764
3365 6224
1916 5431
4293 8406
671 6506
2485 8960
4434 5694
2261 8381
1056 8301
549 7529
1783 6614
4933 7748
1034 7730
1077 7849
1470 6485
2908 5627
4573 6983
2292 9065
34 5065
1817 7303
4327 9241
3476 7403
2102 8446
2819 7471
938 9503
3363 6057
4176 9686
276 6890
3038 7419
2147 5746
4779 6673
4511 5524
3136 8250
4638 6449
1907 8655
4955 8941
312 8510
2848 6153
4085 5765
2172 7939
1560 6673
2477 9425
1112 8743
1176 6152
2728 6485
3527 6065
2644 6514
1697 8953
3842 6672
869 5052
2598 9478
1197 5603
550 9117
4577 7828
3229 5448
1896 8299
1490 6324
555 8919
3765 8454
4404 7892
1026 5587
517 7512
1663 6214
1197 9286
359 8291
1593 6849
4418 5912
2414 8136
3804 5313
4981 9958
3998 8833
2030 6020
2972 7121
1594 7801
316 7940
4034 7839
3876 7273
1291 7493
437 9156
1710 9217
220 9080
2467 8705
1990 8148
3754 8740
338 9557
776 6523
4608 6550
898 8029
1201 8765
1034 9303
568 8724
3762 8995
4045 7444
2772 8456
2578 8016
1301 8175
4842 9272
3151 9298
4930 5559
864 5322
1841 8554
2644 7499
3720 7871
4133 7354
1147 6947
2466 5154
790 7626
1772 6022
4002 9081
574 8635
2688 5638
3195 7524
1439 7748
4721 8868
3437 9943
1948 7527
3418 8201
642 6040
1338 7865
3591 8318
2984 6341
1227 9697
1285 6347
484 7214
3415 9420
1389 6162
4125 9947
1260 5660
4515 6184
4156 7208
2692 6137
3417 5983
2624 6074
4557 5282
2109 5705
774 7363
3298 8515
1783 8200
1829 6442
3792 5811
2150 7179
3554 5207
1575 9282
1017 9230
4276 9176
516 8496
3259 7763
1994 5149
1169 6438
2802 5343
3938 9884
4544 8752
1518 8247
4278 5285
2420 5824
3278 9703
4540 5701
1552 5996
2830 5859
3840 5095
1303 8632
329 9387
4690 8788
3859 5181
1833 5723
1174 5406
2875 9228
3717 6386
4879 9626
3802 6216
4065 9802
3027 5187
178 5494
3961 9903
3974 5278
764 6977
3053 5390
3249 9839
4117 7301
126 7107
2129 7874
3591 6848
112 7768
3303 8183
1012 5298
3013 7458
78 7578
3797 8565
4247 8715
248 6401
1910 9677
825 5472
4765 8659
1204 8857
765 5586
4241 8960
2445 8607
259 8816
936 6161
3432 9084
4680 5373
3362 5610
1756 9601
3153 9009
4687 7847
3616 9288
2519 9532
4172 5381
1652 8209
4060 7396
4481 6142
3132 6476
2086 8882
240 9401
1788 7711
1795 8322
3320 7303
195 8973
1605 6887
4164 9939
2758 9322
632 7604
3195 8245
2483 9594
1830 5181
555 5289
2269 8988
1999 9283
152 8590
1989 8215
3871 6055
3964 9173
2560 9159
2778 9845
563 8308
1195 8675
216 8422
3337 9613
1745 5227
4546 9553
2965 5082
3701 7235
1278 7022
1116 6736
2667 5751
1818 8863
1470 8584
2124 9814
3055 6948
949 9889
4992 7482
588 7500
314 5315
3300 9061
2352 5170
3888 8052
3398 5101
4881 5601
1152 8871
2331 6699
132 6521
4383 7670
3437 7291
2991 5167
4413 8264
223 8854
1040 8663
2201 6775
3765 6441
818 8394
4987 8532
1494 9277
3114 5958
4999 5772
2037 9948
140 6669
2386 9284
3053 8716
61 5744
3379 6664
3801 5869
4650 5686
3842 8391
21 8635
280 6804
4353 8529
3346 8462
3260 7088
2567 7364
2930 7817
351 5807
1603 5770
4663 9153
2454 7892
66 5712
134 7718
2352 5370
3261 6901
113 9686
545 9890
4455 5950
4767 8194
3921 7393
2601 9865
722 7882
2091 7353
4330 9344
1040 8456
3629 9843
1511 8432
2885 9756
1809 5126
778 7090
3961 5444
517 9919
3126 8692
1038 9852
4403 8610
3732 6643
3757 9370
4747 7324
4756 5483
2009 9978
377 6012
349 8137
4706 6727
2529 5287
1108 5474
2939 7439
1488 7157
1425 5485
2679 9967
4404 5443
1806 8536
803 9219
1125 5511
1027 9671
4339 5896
62 6442
4520 6934
1594 8355
2115 8677
1639 9154
475 8619
4505 5861
766 7687
582 5741
4214 9642
306 7569
1217 8156
1115 8809
154 5819
3290 7718
3529 9336
2924 8525
622 8727
2503 6083
1301 8700
3716 8723
3482 7293
4120 6983
469 5355
3781 5160
3864 9727
4128 8350
4647 7944
1154 5614
4573 9497
4214 8081
1806 9841
2868 8349
1717 7184
1960 8699
1582 5164
4115 7442
1080 6050
2630 5083
3344 7002
3199 6319
1594 9654
3841 9656
1829 9855
367 8728
3866 5630
2895 9448
244 7197
3077 9509
3862 6637
3271 5537
4990 8690
4525 9402
2340 7527
4070 5874
902 8825
939 8139
1517 8055
4311 5656
1297 5991
1011 6364
1179 7070
4217 6178
2714 6189
2802 5101
2905 9086
1692 8174
4020 9503
4623 6202
780 8806
2917 6813
69 9987
3705 6840
2244 6919
357 6161
915 6882
4745 6037
3243 8800
2795 8073
4898 7150
1995 9470
805 9589
4354 5454
3460 9625
1194 6148
1820 8930
3006 7850
2223 6989
2796 8856
3648 8484
1860 9557
3858 9705
255 8820
2651 5724
3923 6801
4163 8841
882 8745
400 8458
603 6992
4564 9391
1029 6118
4302 7748
3734 9653
3732 8577
1918 6862
3223 5361
4583 8028
3131 7463
2302 7327
859 8201
3328 8204
907 6514
2079 7314
3336 8179
3608 8480
3103 7053
4847 9374
3701 6235
1729 6784
3705 5986
2573 6899
4657 7235
3845 6158
3342 7725
1117 6703
1886 9991
3081 6331
3125 9885
155 9795
4462 5752
1982 7712
1636 8435
49 8271
3080 8448
1793 9806
99 6754
726 8045
3587 5524
3428 7374
1562 7932
1012 5214
536 7865
4721 5072
2941 6256
691 6555
1788 9613
2703 6415
672 9906
4423 5098
4683 7710
1896 7947
2892 5088
4984 8231
4901 5908
537 9575
880 9474
747 6843
4695 6439
1044 7111
290 9480
51 6941
2394 7917
2195 5694
1234 6194
4786 7452
742 5788
4750 8942
4282 9016
482 5260
2518 5324
1009 9184
3352 7824
2303 5230
2039 7499
2672 5002
2628 8298
1016 9000
4045 6738
292 9343
372 6356
3869 7706
1524 5095
3649 7100
1183 7144
1792 9002
3647 9156
4431 5840
1927 8828
1736 5780
2769 9499
3275 6665
3078 8586
2276 6659
2674 6202
213 9884
3431 7136
4899 9283
3327 5265
912 7463
116 5068
3552 5343
1820 8818
3388 5174
2404 9950
2082 7886
4816 6292
2603 9430
275 6757
2019 9997
3917 8664
2757 9139
4107 7256
198 5395
4487 6985
3421 5885
505 5286
1795 7179
3129 5187
3708 7438
2144 6757
3107 9716
1259 7721
1648 7205
3744 8274
750 7447
2180 5678
4546 6115
542 9224
3981 8402
4135 9344
3908 8533
3365 5539
3832 9840
1343 6853
2535 5265
1610 7378
3313 7531
4086 9654
36 6432
4303 5167
1195 6574
3515 5947
606 5279
3252 7712
2816 7753
4823 6770
138 5639
1537 6602
1601 5079
1493 6474
3422 6669
3444 5841
133 6777
4954 5280
2705 8178
965 5403
4931 7103
3354 5464
1319 8666
4618 6023
4321 7937
4129 5493
708 8832
1193 6829
4245 5034
3285 8961
1470 8645
1322 9852
4575 5647
2380 7252
3476 5467
2641 9449
1308 5626
2009 9794
906 6187
69 7072
2217 7305
4610 6357
914 7111
2395 6975
4487 7018
2820 5719
3242 9303
4639 8689
4336 5265
4151 6805
3034 9190
591 6883
4015 8032
2629 5516
3193 5289
2897 9417
3431 9065
2725 8723
818 5447
3440 6455
4729 7965
321 5559
2179 6351
2949 8813
4310 6612
4933 7377
1748 6753
4668 8239
3514 6181
2964 7844
1330 9925
1425 8472
4918 9097
3949 6839
135 7418
2919 7493
3066 7622
1619 6639
4697 6310
1003 9761
3345 6570
892 5951
4199 5552
1888 7708
4179 9648
3079 8992
3872 9874
1780 5773
486 5014
2815 7092
700 5900
456 9157
1138 7480
4259 7038
1101 9840
3834 7193
4338 8125
561 6890
597 8718
1613 9833
3782 5982
51 5560
1323 8730
2570 7254
2569 5678
4907 9092
1950 6615
784 9439
4264 8497
2812 5189
2739 6897
4043 5884
1475 7651
267 5460
3666 9881
642 6495
3976 8581
289 7090
178 6172
2566 5350
2734 8676
1740 8052
2901 7551
3550 6964
3090 6531
2295 6050
2131 7647
3952 9842
3144 6873
4095 6192
773 7330
3154 6114
4315 7581
859 5837
2846 8639
1318 7803
4683 6000
2312 9968
904 8069
4293 8833
4830 7087
3831 9111
4902 6792
4328 7969
2017 8131
1431 7476
3057 8260
218 7267
2181 8275
1032 7700
2639 9039
1782 6881
1586 5482
1481 5652
853 6195
3685 5344
3807 5173
666 6336
294 9675
3715 6652
2145 8966
3822 7789
4901 8347
947 6366
498 7039
63 5692
2855 6490
3018 7819
1507 6152
2122 9530
942 7497
3930 8626
4683 6818
446 9581
1287 7921
3542 9111
3037 6875
1908 8780
903 5341
1734 8538
2857 7499
2706 8128
3302 5391
1544 5710
4526 8340
1431 7084
1964 6012
269 5203
2770 8879
3180 6872
2013 8793
247 7800
4690 6265
3610 9619
2573 7914
3178 8988
2317 9273
4684 7769
4273 9747
254 5861
2570 9655
416 7607
333 6004
1679 5592
4078 8391
1916 8106
714 8202
2248 6468
4797 9153
1560 9780
1421 8547
4955 9802
4362 5364
2273 8342
2798 8900
2881 6453
345 9157
572 6367
4567 8604
3352 8077
1058 5471
2297 6908
4451 6562
3411 6140
806 5603
3154 6700
2441 9502
4626 9289
291 9438
2836 7598
3994 6451
3117 6066
2600 6918
1919 8885
1382 7813
824 5572
4641 5386
1068 7581
3643 5284
2569 6998
3772 7801
858 9465
487 5741
4927 8511
1921 5933
1911 5807
4092 7630
3723 5385
4770 9119
155 6177
3252 6267
1412 6487
3726 6387
462 7236
3604 7721
2499 9520
174 6023
3499 8066
3371 5786
1658 7118
924 6977
5000 6420
95 5156
1411 7449
1151 6768
4597 7464
1871 8468
1404 6199
3853 7849
770 6964
885 8972
3411 8953
4734 7471
2876 6803
2357 5486
2502 6153
861 7999
3200 9129
1777 9809
269 9703
3912 7204
2411 8467
4480 7861
64 7910
4907 8458
782 9372
4785 5498
3805 6908
1592 8022
1743 8065
3260 6634
4415 6104
1753 6623
665 5749
1496 5722
2654 8246
3983 8944
1839 7632
2439 8572
240 7032
2197 9652
2065 6552
4625 7006
508 5136
3752 7248
4068 9427
790 7319
1870 7489
4290 5659
4269 7423
1267 8893
3615 6119
1888 7191
3608 7899
4622 9998
1531 6445
4700 7883
294 8838
2641 7111
4221 5297
2291 9268
2233 9242
4827 7029
2395 5116
4660 6639
2865 9073
2643 7264
709 7330
3271 6428
2716 7511
3041 9511
174 6673
4479 7543
4300 6501
3777 5843
4972 6069
503 7279
2225 8199
3103 6733
2853 8209
2322 8101
1490 9400
3769 9755
2737 7117
3330 8937
3113 6121
64 6711
4117 7448
2730 7937
399 7512
2555 7907
4005 6877
4620 5332
2828 6619
1260 5471
4630 9696
3345 7692
2801 5220
3457 8834
4976 6801
3234 9403
823 7178
2658 8351
3637 7401
3364 8143
2560 9075
3341 7476
2768 8614
4115 9103
522 8074
690 7346
3068 7132
37 8676
2862 5362
3580 5182
1906 5946
1612 9804
3185 9867
4690 6888
2972 5663
866 7752
2724 5456
1772 8031
4804 5747
4740 9653
921 7153
310 8160
1022 9862
2851 9553
1774 9771
3770 9943
4935 7041
2914 7751
2514 5039
4158 7056
2887 5013
4835 7998
2999 6447
786 7566
639 7220
3993 5105
1599 6216
2506 6133
3932 6599
2174 8774
3810 9201
3773 7787
3019 5204
597 5561
1337 8143
3898 7575
3942 9396
291 9150
2682 7856
2399 5458
1869 9163
1400 8520
2130 6618
3358 8192
3646 9529
4408 9552
2168 7803
2136 6174
721 7256
2748 9189
4269 6984
2684 8465
3726 8284
1426 5391
2383 6341
1233 8662
2823 8805
2427 5672
2792 6175
3434 6895
1470 8263
3753 6342
3516 6661
708 9408
68 9979
129 5634
2042 9257
2946 7801
4351 6574
3646 5398
4919 5522
3816 7126
1023 5272
1088 6119
4842 5086
1075 9787
2312 6689
3125 9652
4108 6392
454 7714
1440 8938
3580 9324
634 6885
4326 6445
3702 6822
3195 5932
4847 6084
299 9261
1273 9426
3423 9532
470 6749
3480 9311
2733 6511
968 8154
3147 9825
1537 8377
1716 9576
2539 5808
1451 8659
1868 7621
2810 8153
1760 7728
1325 5080
4674 5617
4847 8261
4439 5295
2873 6760
4895 6177
3131 7431
1578 7239
931 8064
4014 7268
927 5498
1988 9681
272 7858
114 8020
1955 6013
2 8815
4778 9904
2704 9662
3979 5287
1185 6881
1849 5782
3067 5478
3946 5418
1617 8439
2687 5598
3827 9343
537 5272
4991 5830
3152 6402
3773 5085
4891 6393
4596 5189
3526 6686
926 7272
1211 8435
3928 9615
3889 5051
2469 9060
1582 9103
532 7894
1169 5317
2395 5965
1761 5306
116 5750
298 9712
1281 6166
1085 6189
2784 9027
1889 6751
2974 7950
1817 7474
594 7031
129 6932
1399 6982
3753 7332
3452 6998
3905 7282
3457 7200
3411 7561
731 6373
4922 6353
4018 6539
1745 7845
3889 5677
4375 8774
2876 8127
2841 8453
765 7318
4562 5857
4110 8633
829 5579
2200 5587
823 5966
1015 7166
4349 9601
2075 8909
2571 9223
377 5007
1797 8398
2887 5183
2190 8447
4538 8743
1251 7343
979 8633
3076 6642
507 9093
2288 7545
4289 6029
3689 7673
2210 6254
2322 5136
824 5569
4829 7768
4116 7365
2235 8858
2964 6830
2642 7401
4851 8690
3106 7744
4358 8283
2181 9068
3296 8823
2665 8420
3422 6675
1559 9108
3610 7303
4682 7615
4201 6018
1261 9862
1315 8178
2732 9922
630 7565
3725 8606
3026 8212
259 7779
3599 5718
4779 6015
839 6769
1025 5177
1994 8942
1357 9262
4483 8404
4708 5894
3466 7801
1538 5436
1949 5338
690 7257
2779 7675
4181 9745
689 5109
4920 7678
1307 6623
1333 9734
1180 8633
2379 6172
1781 8455
3737 8794
2279 7438
4112 9817
2303 6357
2658 8794
710 8076
1847 9167
1267 7490
2183 9696
1621 7011
1842 5750
2407 6461
4712 6758
1105 8866
4558 7149
2091 6270
4357 7472
3251 9366
1479 5988
1494 6205
2419 6780
2756 9689
676 7839
4119 7767
3410 9610
4214 6976
2267 6465
3537 7690
2439 9241
1260 5091
3006 8401
1520 7200
982 5115
3673 6170
2328 9428
1577 7745
4932 7673
3846 6845
2059 5801
4694 7566
2224 6903
3043 6489
2188 8286
672 9968
4456 7962
4256 8226
3682 7508
1788 5574
564 7932
4175 9123
506 8488
1236 6968
2478 8575
2762 9181
2651 6276
640 9780
2365 7341
4028 7754
2042 5665
3674 8262
1214 9826
670 5667
2344 9470
233 5861
2980 7296
514 8384
2784 8406
1530 6056
2016 7720
2527 8593
2513 5416
3580 7396
2859 7154
4238 9792
3943 8679
3675 5537
1640 9481
4883 5651
139 9172
4574 9656
4424 8311
2260 7185
4530 5473
713 6074
1244 8162
305 9814
2532 5491
3701 6476
319 8590
637 9749
2623 8434
199 6172
1321 7046
1715 6580
2629 6139
3507 6193
4797 8978
1782 9582
1777 9632
4578 8137
4999 9428
2744 7315
2582 8408
2420 7277
3065 7044
1291 7400
1274 5878
61 7290
513 7831
2737 9831
1395 6526
2319 7770
4094 7428
668 9340
1066 8405
1889 8648
2230 8418
240 6578
2751 7857
2370 6745
3032 7277
983 5406
1388 5360
424 7642
2725 5224
451 9085
3011 9941
2225 5483
1601 5798
3171 6233
2613 5451
3725 8106
4029 8653
4867 7101
4878 8026
3187 9728
4502 6530
2642 7800
2381 6649
4492 6466
2387 7478
1066 7185
2993 7617
1347 9802
2684 7117
3879 5527
2802 5716
2263 6603
3715 5493
1036 5837
1515 7760
4869 6860
102 8633
1268 6924
687 8520
4373 6908
2802 5342
1611 5700
2111 9962
1275 5019
2233 9863
3385 6353
3485 5234
3093 8700
1273 8333
3793 7172
616 7865
1985 6125
3515 5038
827 8344
220 9874
2032 9912
2656 9489
1509 5569
4608 8312
1693 8547
3037 9128
2258 6672
3019 8379
3211 9004
2342 5863
4599 6047
4197 9425
3832 6958
2855 8856
2454 7084
45 9891
3100 7924
1473 6343
2771 7570
385 6714
3562 7696
4910 8519
2537 7987
4794 8003
4818 7129
3644 7631
759 6006
3378 5727
695 5786
220 9181
4405 6274
1779 5630
3183 6786
1238 9311
2963 9870
2221 6834
3542 6811
546 5472
893 9170
3815 7091
1600 5313
1792 6132
2562 6924
263 8452
4419 8684
396 7491
2008 7949
2825 6202
777 5855
56 9929
1736 9041
21 6063
2916 6558
1558 5169
2330 8293
4727 7300
3449 9399
3397 7852
1011 7566
2403 8087
2540 6499
732 9719
4331 7236
4352 9880
3010 8726
4897 7547
2523 6394
3635 9694
376 9719
4373 6974
1039 5358
4329 5200
2888 8622
4074 7321
1525 9232
625 5668
3747 5293
4193 9210
1162 7623
4070 6537
1797 9801
1748 8458
388 6137
2601 7094
1305 5589
1648 8856
843 5496
4552 8939
668 9315
3803 6973
3030 7711
595 9684
3949 5004
3583 6828
4391 5070
2994 9533
2430 8418
3349 9351
4662 6393
2912 9836
4106 9386
4673 5852
816 9134
500 5425
71 5185
4501 5675
3494 8154
1993 9242
823 7825
3934 6054
4179 5018
1734 5312
2584 7418
2378 9999
897 6087
531 9938
1922 6217
2721 7768
2096 5697
4205 7128
2216 8923
1454 9416
1108 5865
1099 9127
3494 5761
3177 7309
1127 8116
55 8157
3514 9987
3079 5521
2805 9062
3840 6498
120 7056
4281 5109
200 9521
445 8039
1843 7180
3824 9898
1215 5616
1052 8531
354 9128
1425 5709
3152 5742
3949 6597
4202 5079
3095 8888
1158 7914
834 6891
522 6190
4583 5960
1504 9498
4907 5513
4990 6884
2114 8244
1871 6011
3298 8253
792 5481
3554 8221
1331 8399
2439 8486
4741 5269
519 6730
2634 8858
3782 6833
2104 8886
1560 8945
4502 9908
1089 5288
699 6032
3354 9024
4629 5568
2315 6163
3236 9125
3323 8917
2416 5693
2858 9327
4194 9437
1695 7639
3328 6718
402 7600
3968 6005
4890 9994
4382 5505
4608 7961
1942 9125
288 6863
1951 9268
2757 9661
2131 9877
2487 7220
2753 9681
3499 7573
1248 8774
3879 7683
3336 6907
1867 9482
2905 7896
4118 8725
2689 5166
810 9053
4060 6190
4970 7157
4035 8221
4078 9850
4891 6330
2747 9930
1235 7328
1515 9298
3712 8229
1016 6834
2257 5708
1185 8757
2689 6474
136 9529
700 9084
1387 8757
3696 6610
3039 9350
1586 6227
4063 7867
2008 5285
1859 5426
4016 5969
2438 6552
4834 8069
2 9487
1901 6375
2453 8274
2691 7075
3695 5093
2339 7455
3845 6094
2060 8822
771 5173
3822 8608
1903 9877
378 7355
4078 5724
1996 7551
3582 8412
2669 9282
1518 9734
630 5998
1330 9813
3401 8556
3425 8958
44 9151
2665 7026
3739 9055
4618 8581
4641 7538
1677 7125
2748 6627
2634 9650
823 6522
1927 6128
221 7684
2831 5429
787 6916
368 7249
1178 7693
3971 6042
1055 9132
3299 9433
4799 8260
2494 6387
3161 5200
3602 9425
3199 7706
2443 9510
4688 7108
3781 7843
2150 7742
2904 8209
286 7220
4726 7757
2860 5645
3528 8975
4122 8024
278 6023
3808 5457
4361 6757
4061 9239
958 9896
2963 5217
4980 8738
3845 6001
2926 7499
3416 5067
1904 9350
98 9944
1824 7819
3281 6933
132 5049
4658 9385
783 5726
4499 7849
1879 8570
2752 6074
371 8792
3666 5202
3345 9174
3452 8287
4933 9591
3162 6291
2453 8938
1714 5138
93 6567
650 7378
4016 6724
3685 7191
1631 9887
39 9958
4121 6300
3646 8678
4812 5503
780 9223
374 8418
3806 6854
2398 7381
3048 9206
4316 7292
1428 6979
4670 9079
1172 5162
3389 5139
4863 6830
1735 6709
872 7967
661 6324
1826 6384
1799 9701
2443 7876
703 7084
2724 8950
4094 9064
2271 6286
3107 5991
4653 7058
3623 5833
1426 9890
1552 6107
2759 5286
2900 5931
285 5165
406 7259
188 5154
2576 7773
989 8402
2115 9494
1146 7603
3456 5938
3419 5716
221 8203
1227 6903
1960 7691
3709 8375
4751 7388
4943 7831
3312 7053
1073 8217
4887 5551
226 5629
2091 5249
1267 8283
4382 9084
2779 7775
3242 7224
2156 5906
1856 7101
3121 9450
3130 9401
1330 6464
3923 9460
4600 9047
31 8122
3534 6619
3057 9689
960 7304
1847 5590
2789 8081
3918 8689
766 8664
1602 5059
3038 5692
1939 9582
1189 9452
3022 9043
1355 9190
2058 6004
1211 9734
3083 8568
413 6500
3164 5287
4204 9105
3363 5719
225 8510
4365 7443
2680 7187
152 6852
4853 5160
2730 6541
3525 8198
3103 6647
2235 7054
4359 6758
1850 5023
3025 6420
4061 6643
4021 8304
4093 9617
2039 8782
2063 6812
2159 9586
312 5039
2336 9136
3485 8353
4803 6878
2944 9100
1860 8242
2052 7061
2841 5352
615 8344
1295 7034
4383 8308
2126 8668
1608 6676
606 8814
3660 8552
1562 5658
2527 9851
5000 5534
2362 9509
1982 8908
3167 9360
2191 6165
1183 9270
4719 8740
4343 9831
3730 6441
3419 7314
500 8634
2129 9175
979 6802
2911 9293
1502 8170
1467 8559
528 7900
4527 7043
162 7702
1018 5949
380 9088
3140 7727
1524 7022
4116 5450
629 9131
2258 5288
3145 8121
566 8800
773 8376
2550 6245
4053 8827
1122 6177
1089 9391
1243 5028
3256 9546
2403 6407
185 7317
528 5157
3326 7779
4237 5989
1110 8496
1765 8609
508 7820
1108 6562
541 8698
4645 7450
1574 6631
4439 5159
2181 6099
4070 9237
4355 5823
2916 9527
1124 6005
2909 9032
1919 9940
4242 9725
1627 6246
3847 8378
893 5307
4044 6965
959 9045
4165 6424
4704 5668
4273 6795
324 9523
2558 8370
3384 7000
2502 8211
892 5806
2986 9566
4023 7362
1128 8099
1072 5576
2103 9461
38 9454
438 9055
1274 6034
584 5647
2724 6526
3514 9552
1271 7989
4379 6944
4959 8887
1623 6860
2835 9042
4754 8567
3130 9700
1180 7212
4352 5462
2526 7262
4515 6194
2280 9016
4825 5550
3548 7344
3968 8887
4073 7039
1394 5024
740 8578
3942 7349
1881 8301
2225 8882
3895 7699
3455 7827
2493 5272
693 7891
4544 5660
3346 5434
4389 7687
2971 6234
717 5133
2516 9288
3887 6753
4189 7488
340 5742
2283 7180
565 9888
1534 5421
2413 8875
2599 9668
3782 5777
4134 9769
205 9187
2663 6164
2883 8951
2931 8190
1319 9480
800 9509
2132 6523
4606 7146
4480 5214
1719 7010
2949 6508
2336 7936
2394 6836
1028 6728
3366 5517
516 6994
3351 9892
702 5354
3387 5599
1171 7573
3159 6175
4842 9410
856 7776
3417 7355
565 9245
4413 5658
2842 6179
4707 7444
4627 6373
3888 7264
822 8886
471 5515
2747 8359
3923 5604
1167 5291
4312 7863
2473 5181
750 6853
3198 6802
1202 9138
344 6544
1180 9277
808 5963
4869 7214
527 9525
3827 6677
431 7363
3976 7960
2826 6675
1447 8752
888 6859
2773 6313
375 8486
2995 5362
2530 5103
2571 5044
4562 7822
737 8073
2839 6838
2659 6100
4750 9354
3388 7937
3025 7845
3633 8950
1025 6764
4837 9148
2967 5603
1794 8322
3609 7795
4974 9958
4830 8405
2786 7370
226 8075
3094 5012
2278 8736
4295 5518
2532 8787
1927 9628
2398 5626
2846 8998
3360 8480
2196 9759
3475 9848
1663 9436
2074 7883
1228 5494
792 7704
1694 8522
2715 6767
1622 9961
2120 8275
2545 9977
4374 6345
617 8513
4594 6362
4327 5947
560 9223
2621 8462
4316 6282
1093 8825
4435 9763
1825 8885
4270 7694
4494 6843
3184 6024
4502 9009
4564 9148
1655 5276
4393 8377
3779 7480
1313 9933
3416 9231
696 6552
4884 8441
167 8561
2615 8403
3282 7488
2291 8780
2955 8799
856 7830
2179 5213
3812 7375
4783 7155
3604 6630
2923 7298
13 5471
4036 6812
4953 9708
2548 8667
2816 7115
817 9198
1222 5230
772 8217
1904 7886
1561 9237
2200 6833
3654 8095
1630 8663
2102 8615
704 7531
836 6005
4157 8742
1427 6015
4061 9447
3198 6709
2 6257
4365 7419
1617 9824
3072 7385
3917 8810
3337 6857
2757 9977
4387 8271
2963 6281
1367 9910
2229 7744
2465 6976
1281 6646
4086 5187
4454 9447
4951 6398
2942 9874
3097 6140
4691 8562
1103 6121
779 5553
4730 5994
4913 7020
3890 7003
2209 7094
4664 9415
4718 5109
3835 6543
1057 9496
3813 8062
1573 5318
2658 9508
3324 5142
4001 5051
4261 5756
2890 6547
4141 8571
3131 6346
2901 9671
3919 8431
901 6980
3670 9329
1342 7737
3561 8833
2003 8614
1395 6662
1236 6557
3297 5462
1872 9439
1249 6314
2129 5131
1017 9533
4743 7956
4624 8128
2811 6098
3077 8564
477 6762
4669 5484
3649 8707
1299 9565
2886 6146
2076 6541
1450 9457
4911 5181
1507 7122
2215 7685
726 9800
3086 7429
1854 9029
976 6105
4929 8807
2123 6705
3746 5956
3897 9800
1454 5212
2139 9458
2380 6838
4562 9782
1447 6718
868 9220
687 5974
3658 9393
4704 5728
512 6052
152 5582
1902 7250
3479 9912
1352 8906
4510 5636
4804 7719
3894 5785
2787 5437
2064 9109
2097 9457
4956 6833
2326 9575
1789 8410
3831 9920
694 6174
2953 6997
1373 5350
3658 5873
3087 6176
3108 5343
3115 7883
2694 5659
1185 7357
4950 9341
4268 9858
1687 7012
1482 8713
1933 5471
3288 6644
1943 5472
1037 9446
677 5563
3566 8231
4905 5578
2462 9012
2118 7002
167 7837
1279 7682
4541 5733
297 6771
3252 7443
4948 6048
4381 5367
611 6330
383 9019
1676 5409
1017 7560
1653 7780
2274 9279
2331 6623
3831 7308
3594 8598
1626 9045
1128 7993
1235 5783
4182 5426
501 6391
3755 5653
4163 5692
1286 5889
4884 5251
4774 9275
1071 8466
164 5086
2315 9465
2993 5085
4973 6267
2982 6355
1052 9200
2563 6732
241 6361
1903 7459
1482 5001
1220 9951
2142 7406
4561 5577
650 6465
1484 8965
2344 9278
4307 5182
946 7270
904 5221
1834 6180
1958 7586
133 8653
1264 5966
3400 6773
3688 8345
640 5282
753 8436
4105 5263
506 8641
4432 5306
649 8002
106 5834
4920 9658
462 9104
659 5972
42 8928
2078 7294
4650 6327
963 7548
3683 5844
3873 5723
1664 8351
3013 6542
3203 6834
3372 6158
1917 8255
3398 6423
274 6230
2516 9263
4956 7838
2029 6008
4313 9194
4570 7073
4779 5936
4487 6884
1452 7575
3642 5552
834 6527
4524 9437
416 5227
3088 6301
3938 5147
2639 6477
2069 9669
4660 9384
3731 7018
1275 7731
4861 6755
4337 6803
1302 7411
4711 6780
1071 8481
3950 8435
333 6986
2791 6144
3381 7427
1445 6158
2958 9669
4622 9446
707 5038
1829 8454
1399 5718
4796 8554
1289 8194
3542 6510
4418 8196
742 6877
2480 7350
4780 6730
1888 7794
2176 9454
4759 8812
4266 5124
2426 9587
120 5730
2349 9256
1706 6256
3028 8031
3745 7977
4219 9787
4606 8621
1415 9743
4132 5637
3560 9215
974 9582
3907 8090
2673 9811
1918 9768
1606 5911
197 5591
1210 8335
922 6473
3290 8545
3947 7876
865 7897
1054 6234
4712 7966
1330 7605
3859 5525
2277 5347
4837 5820
2988 5140
4254 8202
1358 6612
901 5388
4098 8334
2337 5573
3712 8596
3745 9893
834 5727
4389 7922
1212 5697
4750 5437
3417 9089
2340 7024
2947 8448
1932 6948
1135 8963
1625 6427
2003 8313
2972 8743
827 7778
655 9479
3463 9229
986 7825
2940 8882
4318 8569
1171 7377
2590 6709
3401 9808
3970 5040
1583 5784
2333 5344
2171 7749
1956 9689
2608 9873
4588 6364
3406 5772
2476 5651
465 6996
4083 9707
2288 5974
2826 8968
4012 8490
2958 5115
1589 5483
2362 6659
1212 6924
222 7309
3277 8348
2965 8791
3331 6495
1760 6292
174 6891
2427 6613
266 8217
1096 8398
3644 5374
3732 7847
2481 5944
3018 6048
2811 6722
4397 9162
2756 6179
2469 5391
277 5811
124 5141
1278 7354
1413 8317
2443 7178
3 6290
1781 9337
124 9216
4720 8902
1995 6709
925 6235
3019 5168
4006 5301
3342 7960
1772 7828
4010 9745
2103 6193
3326 8207
973 9000
2259 8084
1769 9039
4939 8761
636 6956
1468 5116
3660 9530
4782 8462
3970 6105
4695 6742
1743 9886
4680 8723
929 7613
706 6639
2969 9680
4523 6307
2968 7795
4446 7607
937 9214
3651 9403
3409 9447
1718 5827
3567 7556
3369 9320
1472 5612
2172 8683
542 7165
1134 9243
2278 9151
168 9666
3638 7106
4476 6385
780 5939
747 5373
3904 8319
3513 8153
2783 9857
3705 8552
4679 9516
355 5531
168 7410
2192 9568
4974 6722
1038 5893
163 7242
4716 5837
4470 7710
4794 5699
2228 6592
2649 7901
3343 7649
372 7716
3586 9927
3163 7157
4215 6860
433 7560
316 8075
201 8921
1424 5109
1963 6606
2193 6744
267 7595
1587 6459
4903 8581
4803 8548
2242 6569
2238 9914
3848 6842
4231 8845
4530 8633
270 9258
257 9288
1892 7135
541 8156
1673 6877
1006 7357
4302 6558
1500 6614
4117 6695
482 5756
2807 9033
4680 8008
4611 8829
341 9190
2579 7824
3116 8079
1218 8947
2916 8892
2110 9754
3040 8197
3954 7668
3743 8721
3846 5540
2536 5787
1175 5653
3307 9984
4094 6309
4113 8621
1933 5637
123 5753
2541 5218
4999 8650
4351 8049
4104 7465
1289 7019
3872 7201
2096 9481
3101 9306
2423 5345
587 5446
3415 6481
3593 8495
4697 6690
3614 8561
973 9276
176 6058
265 7004
1814 7034
1443 7859
3774 9540
4812 7704
1263 8164
1609 7489
1920 8831
3215 9466
4889 9413
3069 8201
3301 8822
3377 6779
4462 8155
4641 9512
2085 8774
162 6955
2316 5311
173 7330
4588 7575
509 5241
3007 5761
921 7890
4499 9593
2791 6872
1456 8419
281 6024
2086 9965
4264 7612
2258 9443
4856 7613
1168 6544
4604 9311
3274 7806
913 5631
1880 9066
4492 7215
793 9906
4221 6078
411 7242
177 7608
4899 5661
2209 7742
3277 9362
2571 9842
2768 7679
747 5114
1810 9527
1933 5823
2803 8535
3299 8200
4368 9305
2483 6473
2904 7535
2701 9204
3271 7916
355 8844
2582 9348
3393 5366
1288 6157
3998 7262
4171 5608
2262 6531
687 9362
4022 5202
2149 6493
170 5177
2403 8041
1651 9465
3557 9818
3017 7194
3490 5522
4157 5665
4415 7776
1730 7560
1559 9979
979 5869
785 5420
2079 7026
1703 6417
926 8074
4989 5063
3506 6227
574 8587
2405 5259
1150 6086
2932 7564
1650 8644
612 7202
2114 7224
2998 6688
1628 8419
4648 8445
1575 8645
1531 6362
3940 9197
4381 7477
364 7179
4479 9976
3279 8628
1351 8172
3182 5951
4177 5678
2042 9749
4535 5305
3917 8904
1071 6084
2924 8301
2577 7393
4384 7556
2679 5355
4181 9243
4517 9877
3913 6545
2068 7848
2016 7795
1357 7826
3192 9072
2546 8624
4454 9138
1092 7022
2773 5127
4457 8940
3490 7847
515 5416
3015 5509
4210 5617
4212 8389
1428 5834
2764 8997
3390 7769
2763 6432
2128 8163
4603 6198
3214 9122
1323 5673
4394 8450
1538 8035
1355 9031
3902 9183
1241 5311
1474 9931
2732 7988
4821 6721
762 5806
2404 7544
1878 6411
1679 6979
2265 8639
3361 7454
4872 6511
4599 6393
1341 5483
3775 7310
2835 6993
929 5145
167 8117
3896 9031
1044 7776
3006 5731
3600 7510
1361 8552
4890 5523
451 8821
1827 5107
641 6913
3663 7544
20 6355
3874 8446
2903 6022
382 8442
324 7798
3031 8995
1173 9583
2422 8282
4665 6319
1055 6644
3074 8704
2567 9850
2506 5181
3898 7638
4065 6044
3052 6718
3281 9251
3567 5119
2234 5080
2327 7749
1335 7284
675 6920
3434 6704
1526 6888
1151 7453
4043 5383
480 8263
809 5179
3501 6561
626 7734
2625 8628
3419 5715
651 6994
2504 5412
3883 6737
3545 8686
3681 9446
1521 7354
4748 6404
246 5478
364 8991
4813 6776
3696 5739
3051 5906
1663 8765
763 6073
2317 7224
4422 8024
1196 6094
4417 8882
4799 7948
148 5904
2747 9321
2606 5247
3666 8516
4724 6765
1757 6725
1280 8074
3276 8400
4946 5694
1615 6730
2496 9817
224 8756
4012 9579
4851 8210
1196 6624
4569 7311
3218 6417
1857 7669
4857 9678
4511 8301
3337 7991
4536 8075
1318 7098
1511 9758
2784 7839
1741 5902
440 7849
602 7288
2356 9543
2993 7647
4851 9416
1385 9049
736 7306
2052 7572
611 5731
1209 6250
757 9794
2798 9389
3369 6932
4974 8281
3148 7332
1559 8140
2900 6110
1080 8293
2901 5475
451 5780
1667 8543
4765 9640
2466 6817
980 9281
985 9400
3709 5326
812 5524
2909 5090
4884 7657
4721 7597
4920 6976
157 9663
1016 5352
1802 8562
1320 9858
1679 6270
2597 7449
4762 8217
4872 9258
550 9333
730 7371
4667 6770
3786 7064
756 6731
2144 5074
2332 5948
2259 8904
3124 6977
4541 5206
108 8315
4962 9339
2257 9524
3065 7142
3780 5393
3727 8933
3939 5941
2938 7289
2778 9179
464 8144
4209 6783
3040 6560
3964 7572
2465 9642
307 9326
3067 5081
950 5937
4393 6455
374 8489
3115 6824
834 8573
3932 5885
3588 8899
2468 7513
1356 6488
4293 8439
4870 9421
1371 8869
2505 9949
3005 5607
3719 8125
4556 7213
2223 9252
248 6860
3359 5353
2206 7916
1599 6146
2430 8144
784 9699
2408 8557
2473 9180
3055 8169
1705 7896
4919 7344
1736 6680
992 9440
962 6631
3715 5530
1689 8715
760 7781
2715 8301
2046 7419
4818 9210
2113 9452
406 7857
1018 8041
3534 7631
799 7445
3383 8594
534 8270
4058 7465
3573 7259
3909 5147
1135 7917
803 5481
4504 8229
154 8006
2844 9074
2094 9103
1024 9993
827 5912
3476 6519
3676 6214
4114 9377
1200 8187
3650 6195
377 7676
2789 6973
2840 6710
4201 5787
2450 6642
2401 8162
1347 5609
1448 5595
933 7154
906 6032
4515 8278
479 5997
4354 8862
1717 7630
4091 6615
517 9560
1716 5010
1445 7956
3962 5299
3040 6682
1310 8931
1027 7576
3859 7286
4865 7931
3769 5426
913 8647
1911 9708
4500 9273
656 7493
5 9920
3099 5888
2241 5231
2724 9845
2456 7276
364 8448
1593 5120
3000 5907
2496 5910
1115 7019
1766 5935
2070 8533
1780 7568
3947 6372
310 7072
3629 6243
1352 5771
4566 9112
4602 5691
4496 5041
97 9693
4768 5201
4065 8450
527 7657
544 7535
538 9297
4430 6746
4668 8632
1865 7632
1960 7332
4395 5933
624 8606
2951 5018
370 9901
1666 5674
2176 8507
2592 5591
2430 9524
1292 8283
2326 5691
2605 8205
2420 8510
2979 8055
1404 8001
3596 7851
4545 6229
1801 8222
2686 8719
443 6888
2342 5065
3600 6913
1840 9226
3488 6430
2879 6031
1692 5565
1737 5724
4135 5486
703 6031
2309 5449
4438 5112
4024 7487
2890 9307
2990 7217
660 5682
3462 5779
4579 5920
4054 7778
3118 9783
3973 6228
3303 5416
4370 7616
3460 7600
4805 8167
4737 5156
4247 9559
1537 6320
2334 5817
1277 6229
1107 8563
2576 9596
3124 6385
1320 6670
3673 7594
4722 6285
2626 6404
289 9407
427 9067
3815 8381
1834 5188
4096 9442
571 5681
4163 9538
3210 6375
4369 8460
1733 6606
440 9570
4556 9949
2866 7213
3262 9081
486 6613
2037 8485
3391 8120
224 5609
1706 5006
1825 5121
2189 7681
4804 5879
3123 5445
1049 7043
4022 6386
2359 9516
4125 5812
2013 6694
741 5518
1011 6853
3534 6295
822 5503
296 9079
186 7126
2726 6038
4422 5218
4640 5897
4832 8511
4132 5478
4510 5040
2160 7790
380 6453
2261 8257
84 8402
4225 7353
1689 9156
3319 8383
3260 5628
3712 8105
2494 6997
2700 9822
3587 8680
2379 5010
263 8738
2296 9807
4255 5603
3346 9113
1103 7149
3135 8532
3962 5469
4195 9864
2295 7630
3558 5490
3861 8242
4943 9013
508 7906
1385 6946
4422 5044
1252 8740
2735 6284
3439 5342
2126 5171
3544 5926
959 5079
1958 5756
2874 7874
4822 8133
3599 7925
4263 5944
51 7103
967 7650
2494 7513
1715 8217
1470 7558
1494 9357
1515 7851
4192 9665
2576 9706
3212 6344
2552 9139
2512 9657
421 6210
1164 7347
3506 6364
3199 9181
824 5424
2962 6956
1405 8919
2569 9842
3230 9853
3549 6303
4989 6708
4988 8344
3722 7887
1657 8693
3788 8894
1017 5805
3089 9247
4676 5252
947 5066
2817 6848
3731 7959
1054 7316
317 5894
3299 8936
3601 8043
3705 9609
1263 5599
4187 9236
2920 8167
2691 5271
4608 9019
4189 6027
2813 5920
4862 9729
2417 9313
2434 9376
4033 6579
1408 9785
2199 7291
1508 8365
3013 8135
3194 8549
1229 7647
104 9408
4503 9031
1739 9062
4317 8833
4675 6986
473 6992
1434 9446
4593 9017
1859 9195
4332 7442
4158 5944
4805 8741
2033 5841
4649 8038
2397 8740
4101 5434
726 8881
1722 7450
4266 8338
2755 8304
2492 5571
337 6555
1935 5292
70 7535
1815 7594
1869 5525
2879 7098
1885 6908
801 9896
4288 8470
799 8881
553 6850
2303 6496
505 9945
4438 8056
1839 8811
875 7956
2513 9850
2203 5707
288 5658
3584 6928
542 9084
1530 6288
2253 6378
2694 5512
649 8243
4048 7752
949 7075
47 5187
4091 9667
2974 8245
156 8216
4304 9165
1608 5916
3514 7382
3029 9652
2807 7505
396 7829
4792 9776
2697 6150
419 6571
3759 7016
4351 5908
3292 9504
2507 7843
710 6253
555 5271
4805 5482
1393 6495
4211 8311
4847 9258
3667 6960
3789 8960
1256 8325
451 9450
1288 7314
768 7304
2612 5318
2487 9976
3631 5670
1690 5753
705 9487
362 6386
1030 9102
1094 9097
59 6320
3750 9796
3084 9973
1778 5399
2038 7287
4752 6083
14 6814
197 9488
94 5388
407 6194
1383 8037
4554 7699
3410 8117
4703 6505
3042 5994
472 8452
519 8338
536 8939
2070 5599
4802 5619
4964 6768
2472 7338
1038 5096
1763 9769
3874 8290
1112 6568
3877 8735
2728 9311
3729 9691
3001 7473
4762 8862
2139 8631
165 7466
4857 8092
3411 5662
1264 5646
2065 7475
3261 5975
2603 8161
4463 7967
930 6808
2874 5967
721 7050
3913 6457
135 8607
3383 5533
1123 8864
851 5302
3178 7368
562 7194
2777 8830
3963 6635
4276 8042
3312 9101
4441 5045
1656 7445
3273 7362
4084 5944
2198 6302
2895 9963
1402 7709
2163 6870
2428 8273
4627 9708
425 7146
3229 7801
3912 9759
4465 8958
1757 8843
2085 6417
2425 7303
4304 8324
2756 6754
4789 5794
2912 6835
116 8341
1963 5429
331 5289
338 5783
3416 5501
143 5536
3026 8555
4750 8080
2740 9464
3275 9651
866 7937
1017 9014
4742 7480
4123 5023
3222 5155
4246 7151
2458 5423
3370 8779
4658 9842
2267 7969
3099 9691
2298 7467
2057 6859
4463 9339
4132 9941
757 8436
3842 7578
476 8625
572 5919
989 7175
4909 9263
4256 7934
3705 8111
2345 6610
2295 8258
3890 9416
2308 8191
3974 6496
2850 6632
2130 8562
1209 6718
4292 9652
1877 7386
893 5553
4365 7897
1519 7193
2351 8267
1102 9935
1400 5316
1164 5707
1592 8488
4111 5633
1453 7757
2981 7833
724 8541
3863 6463
4170 6890
1314 5242
2520 9700
394 6058
4668 5965
4955 6482
4410 8101
2485 7957
2945 8953
4590 8149
2326 5780
3746 7242
249 5767
3261 8230
81 5034
3547 7051
1702 6649
833 7057
608 8076
3569 7030
1450 6073
3859 6369
97 8218
3012 8618
1168 9032
1459 8909
2516 9839
1678 8594
1371 6592
2241 8737
3759 8688
3619 5721
4969 5781
803 5112
1571 8719
947 9319
1896 8051
2563 9482
653 7604
2101 8584
2282 6662
1975 9387
2485 7753
4362 9417
4706 9557
1024 8526
3994 6101
1440 8535
1894 6571
128 5300
3541 7084
473 9957
4545 9354
702 7398
1639 9354
3757 9518
1032 8156
942 5939
1177 7151
176 8971
464 9596
3762 5535
3451 6141
1718 6252
3607 5214
602 7705
646 5207
4057 8821
560 8144
4735 6505
1229 8183
4427 5766
2500 7682
1315 6720
344 8645
3198 8151
183 8346
3863 9248
4170 9059
3449 7442
435 9820
3821 8625
1485 5016
791 7525
3503 8433
4151 9243
4077 5692
885 9579
3248 8289
4396 6041
2433 6968
1821 5637
2467 7704
2924 9166
76 6236
1563 6542
3392 9713
4304 8907
2465 6090
2502 7299
2579 5415
57 7371
2065 6952
3786 5695
1500 6807
3520 7574
1121 8038
3393 9859
3246 6176
3931 5917
4312 9470
910 8087
878 7725
1892 7882
3380 9922
3225 7704
4078 7763
299 7434
3591 9893
4829 5468
4292 5982
3685 7541
2055 9378
4148 5830
2067 7674
3768 6577
1312 9102
4725 5983
1319 9205
70 9494
230 8746
3399 5753
398 7529
1709 8410
1690 7167
4741 9990
2782 9535
4051 7625
2640 9193
36 5906
3087 7827
453 8250
3907 6427
191 9043
4225 5002
2330 5045
2561 9825
2464 7002
4590 9037
3653 8701
2780 9819
1142 9013
4936 5730
765 5781
4653 6239
4466 8501
302 5055
2578 5592
916 8096
424 6961
729 5652
3967 7604
1855 6307
4967 8911
3103 6696
4582 7153
768 5521
3193 9439
454 5513
1134 7678
4770 9607
1401 9946
3461 8588
4662 9115
3034 7007
3819 5550
4323 9523
1890 7749
838 6435
1703 6565
2799 5280
164 7404
3649 6404
197 7481
4591 7719
1369 5343
2102 6170
4314 8314
2066 6186
1102 9664
117 7498
1983 8127
3824 9296
376 7065
2936 9080
786 5703
3783 8111
3951 5203
3969 8171
747 6114
1244 5518
2056 7155
2289 8919
4719 6356
3927 9965
1191 6199
1109 9607
1395 8739
3395 7655
4258 8841
3445 8973
3263 6972
1438 8290
1689 8830
1837 8408
253 7500
4461 9009
2915 7435
1757 8470
637 8677
2505 7748
3239 5407
4388 5947
3208 5169
4843 7416
3189 7670
1155 9818
3252 7499
80 6190
3342 5079
4265 5659
2575 5625
3446 6036
104 6655
2797 6342
2755 7099
3471 7361
4630 6680
1571 7145
3274 9095
756 8439
411 6939
1557 6949
4778 6765
4306 6012
1635 9134
1711 8517
2750 6496
463 6075
228 7414
4395 7104
2361 8056
3505 9692
4351 6463
2352 8675
623 9071
4013 7864
1797 9364
3417 8943
4932 7490
3051 7911
2403 9946
151 7097
547 9139
4629 5056
944 8272
1062 9383
3842 6532
2924 7409
2974 6470
1811 7449
414 5542
1424 9834
1342 6676
1061 6559
3667 5121
2355 5885
863 7756
2244 9421
2015 8365
2027 8578
3172 7557
3171 8486
1826 8183
4513 7691
4763 8557
3950 9462
1300 9627
4609 7642
1568 5296
4178 9994
3498 5301
3996 9300
3819 8444
2235 9994
2134 8281
4989 7626
254 5769
784 9191
994 9008
3701 8644
1100 6076
1826 5926
2788 7415
1192 7435
1287 8466
4916 8500
2298 7497
3666 5184
562 8021
4602 7932
586 6689
329 8839
4826 9060
2320 8207
479 6464
3384 9590
4301 6475
2078 7950
2552 9838
3718 5038
3423 9580
1414 5468
82 9021
3765 6706
3948 5711
4621 7331
2779 8897
3417 7073
2244 8695
611 6381
831 7719
1584 9301
499 7705
3263 7220
4965 8666
4750 9464
1044 9319
1581 7104
1991 5324
712 9915
80 9486
1642 8383
4564 5975
3272 7023
2315 7384
704 9209
3108 9709
1794 9229
419 6884
3597 9965
225 9979
3346 8918
40 8272
4676 5502
4599 9139
1079 6400
4040 6279
3223 9712
1500 9310
2375 6779
83 8582
1948 8093
2733 8903
4682 7972
2677 8096
1593 7787
987 5262
3368 5616
1632 7435
406 5842
2772 8356
3723 8991
2251 5226
4837 6272
2726 6925
3560 5069
4494 7381
151 6820
1943 9252
3499 8451
4971 5858
2096 9379
3672 7375
2451 9380
3807 8068
2180 7866
418 6225
4909 9328
2095 8421
3075 5430
3296 5612
3647 6792
3996 5486
3056 8968
2079 9504
3295 6178
3273 9638
519 9179
1299 6309
152 5386
2157 8511
1671 7689
2249 6978
4212 8378
2196 5397
132 9015
2919 9565
3404 7220
3299 8049
2262 6787
1807 5192
2020 9433
766 5433
1123 9217
3568 8172
3385 9755
104 8286
2128 9690
2555 8206
3808 8249
1996 7958
3101 8662
1810 7529
1888 6800
315 9846
1554 7065
3950 5744
1096 6916
1207 5084
2715 9098
2642 8309
1331 7862
1306 9195
1082 9692
2313 5773
1608 9473
2946 6712
4763 9714
4869 8568
3550 7089
2287 6458
2212 9576
22 6817
2353 9563
1711 7525
507 5577
4429 7116
369 8311
198 6649
2987 7323
4128 5337
866 9763
4780 7692
2431 7709
4306 6893
3222 8180
4833 9324
693 7802
292 8288
3185 6260
1035 8015
2918 6626
1087 5266
3379 7815
33 9990
687 9534
4783 5215
1007 6894
2689 7861
4820 6519
44 5439
1186 9876
795 6892
3895 8467
4894 5486
3960 8708
3853 9965
4495 6810
591 7196
999 9790
1106 7403
1284 6491
434 9574
3754 6257
3703 9370
388 8724
1943 8029
4343 6305
4625 5397
3351 7627
4109 9223
1608 6033
2433 9024
4690 6137
1464 7596
1987 9985
2185 9566
3321 9241
300 9692
4981 7203
2838 7110
1665 9034
1842 5060
4971 8808
696 6650
819 7995
2498 7688
