5000 5000
3938
5000 8818
4999 7731
4995 5120
4993 5446
4992 9934
4990 8690
4989 6708
4988 8344
4987 8532
4985 9608
4984 8231
4983 6152
4982 5853
4981 7203
4977 5833
4976 6801
4975 8585
4974 6722
4973 6267
4972 6069
4971 8808
4969 5781
4967 8911
4965 6266
4964 6768
4961 9711
4959 5825
4957 9770
4956 6833
4955 5796
4951 6398
4950 9341
4949 9178
4948 9469
4947 6510
4946 8999
4945 8151
4943 9657
4941 6831
4939 8761
4936 9451
4935 7041
4933 9591
4932 7490
4931 7103
4930 5559
4926 7010
4925 7698
4923 5587
4922 6353
4921 6419
4920 9658
4919 5522
4918 5044
4917 6215
4916 8500
4915 6829
4914 6544
4913 7020
4911 5181
4910 8519
4909 9263
4908 9110
4907 9092
4905 5578
4903 8581
4902 6792
4901 7216
4900 5152
4899 5661
4897 6418
4896 7840
4890 5523
4889 9413
4887 5551
4886 8954
4884 5251
4883 7190
4882 5042
4881 9317
4880 6352
4879 6869
4878 8026
4877 6148
4876 7336
4874 9114
4872 8236
4871 7971
4870 9421
4869 8568
4868 5126
4867 8284
4866 8471
4865 7931
4863 6764
4862 9829
4861 9051
4858 6147
4857 9678
4851 9704
4847 8261
4845 5936
4844 9191
4843 7416
4842 9410
4837 6272
4835 7998
4834 7893
4833 9324
4832 8511
4831 8556
4829 9977
4827 7029
4826 8550
4825 6595
4823 6796
4822 8133
4819 9329
4818 5459
4817 5180
4814 7267
4813 6776
4812 8966
4811 9215
4810 9120
4809 7466
4807 7045
4806 5317
4805 8741
4804 5879
4803 8548
4802 5619
4799 7948
4797 6650
4796 9506
4794 8003
4793 7915
4792 9776
4791 6737
4790 5942
4788 6517
4786 7452
4785 5498
4783 7155
4781 6653
4780 7692
4779 6673
4778 9904
4776 8407
4775 9473
4774 5790
4773 9868
4771 9009
4770 9119
4769 7944
4768 7862
4767 9899
4763 9714
4762 8862
4760 7278
4759 8812
4754 8567
4753 9730
4752 6083
4751 7064
4750 8080
4749 6088
4748 6404
4746 5899
4745 6037
4744 6931
4743 7694
4742 8360
4741 5269
4740 7537
4739 7560
4737 8959
4736 6618
4734 7471
4732 8947
4730 5973
4727 7300
4726 9710
4725 8363
4724 6765
4723 5283
4721 8868
4719 6356
4718 6002
4716 8038
4714 6790
4712 9168
4711 6780
4710 8010
4709 7660
4708 5971
4707 5027
4706 6727
4704 7737
4703 6505
4701 5252
4700 7883
4697 6690
4696 8728
4695 6742
4694 8220
4691 8051
4690 6265
4688 9280
4685 7078
4684 7769
4683 6000
4682 7972
4679 6923
4676 5502
4675 5216
4674 5846
4670 9739
4669 5484
4668 5286
4665 6319
4664 9199
4662 6393
4660 9384
4658 9385
4657 7235
4656 7044
4655 7902
4654 8722
4653 8529
4649 7071
4648 8445
4647 6568
4645 7450
4642 8655
4641 7538
4640 5897
4639 8300
4638 6449
4636 7365
4635 5367
4630 6680
4629 5056
4628 6033
4626 8234
4625 7006
4623 6202
4622 9998
4621 7331
4618 7230
4614 7436
4613 9271
4612 8345
4611 8829
4610 6357
4609 7642
4608 6550
4607 7009
4606 6335
4605 5618
4604 5140
4603 6198
4601 8795
4600 9047
4599 7519
4597 7464
4596 5189
4594 6497
4593 5275
4591 5319
4590 9037
4588 7658
4583 5960
4582 7153
4581 6169
4579 9017
4578 6726
4577 7828
4576 9209
4575 5385
4573 9648
4572 6289
4571 6235
4570 7073
4569 7311
4568 7210
4567 5270
4566 9112
4565 8376
4564 9744
4562 9782
4561 5577
4559 8068
4558 7966
4556 7213
4554 6807
4553 8442
4552 8939
4551 7142
4550 7509
4548 6452
4546 7786
4545 9604
4544 5660
4541 5206
4540 5701
4538 8743
4535 5305
4532 9427
4530 5473
4529 6785
4528 7377
4527 6078
4525 9402
4524 8640
4523 5852
4521 9259
4520 6934
4519 8082
4518 6772
4517 9629
4516 7873
4515 8278
4514 6043
4512 5500
4510 7973
4509 9448
4508 6901
4507 6921
4506 9373
4505 5861
4504 8229
4502 9908
4501 7522
4500 6070
4499 9593
4498 8747
4497 8636
4495 6810
4494 5079
4493 5709
4492 6466
4490 6751
4489 8657
4488 9514
4487 8185
4485 6019
4484 6529
4483 8404
4482 7549
4481 6142
4480 9352
4479 8092
4478 9392
4474 5777
4473 5332
4470 7710
4469 7307
4468 8906
4467 9250
4465 8958
4464 5570
4462 8155
4461 6196
4458 7675
4457 8940
4456 7962
4455 5950
4454 5209
4453 6629
4452 8603
4450 5815
4447 5529
4446 9628
4445 8089
4444 9245
4443 9274
4442 8612
4441 6039
4440 9554
4439 5159
4438 5112
4437 5581
4436 5234
4435 9361
4434 5694
4433 8501
4432 7240
4431 5840
4430 6746
4429 7116
4427 5766
4425 6367
4424 8311
4423 5098
4422 8024
4419 8684
4418 6697
4415 6104
4414 5797
4413 8264
4410 8101
4408 5969
4406 7539
4404 8879
4402 8910
4401 9143
4400 8651
4399 7320
4398 7947
4397 9162
4396 6041
4395 7245
4392 8243
4391 8685
4390 7821
4389 7922
4388 9486
4386 5102
4385 9445
4384 7556
4382 5505
4381 9414
4380 7157
4379 6410
4377 7928
4376 9008
4375 5414
4374 7429
4373 6974
4370 7616
4369 8652
4368 9305
4367 9148
4366 6082
4365 7897
4364 9935
4363 6277
4362 6678
4361 6757
4360 8851
4359 6758
4358 8283
4357 7472
4356 9797
4355 7057
4354 5454
4353 5679
4352 9453
4351 6574
4350 6349
4349 8527
4348 8085
4347 6668
4345 7766
4343 7980
4342 6281
4339 5896
4337 6803
4336 5265
4335 8241
4334 9491
4333 9167
4331 7236
4329 5087
4328 7969
4327 5025
4326 6445
4323 9523
4320 9363
4319 9777
4318 8569
4316 7292
4315 7581
4314 8314
4313 9194
4312 7863
4311 5656
4310 6612
4309 6638
4307 5182
4306 9849
4304 8907
4303 9765
4302 8103
4298 5331
4297 7477
4296 5149
4295 9780
4293 5872
4292 9652
4291 5295
4290 5659
4289 6029
4288 8470
4286 6275
4282 6334
4278 6403
4277 8689
4276 8042
4273 6795
4272 6348
4271 7964
4270 8986
4269 7423
4268 9907
4266 8338
4265 5320
4264 8497
4262 9364
4260 5922
4259 7038
4257 6328
4256 7036
4253 8738
4251 9764
4250 6735
4246 7151
4245 7246
4244 6935
4242 9725
4241 8960
4239 8949
4238 9792
4237 5274
4236 6327
4234 5699
4233 8994
4231 8845
4226 6416
4225 7353
4224 8518
4223 8502
4222 8616
4221 9762
4219 9787
4217 6178
4216 7159
4214 9642
4212 8710
4211 9722
4209 6783
4205 8788
4202 9970
4201 5489
4200 5835
4198 7504
4197 7169
4195 9864
4193 5584
4190 7597
4189 6027
4188 8007
4187 9236
4183 6761
4181 5884
4179 6755
4178 9994
4177 7086
4176 6970
4175 9123
4172 9001
4170 9059
4167 9180
4165 6424
4164 9939
4163 8914
4161 7594
4158 7056
4157 5665
4156 7208
4155 8555
4154 6062
4151 6805
4150 5764
4149 9423
4148 5830
4147 5063
4146 5310
4142 9923
4139 6927
4138 6905
4137 7160
4135 9344
4134 6747
4133 7880
4132 5943
4131 6484
4130 6433
4129 5493
4128 8350
4127 5374
4126 9987
4125 9947
4123 5475
4122 5565
4121 6300
4120 6983
4118 8725
4117 6695
4116 5450
4114 8146
4113 8621
4111 5633
4110 8666
4108 6392
4107 7256
4106 9386
4105 5263
4104 7465
4101 5434
4100 7889
4098 8334
4096 9442
4095 6192
4094 9064
4093 9617
4092 7630
4091 7441
4089 6226
4088 6110
4087 7332
4086 5187
4085 5765
4084 8627
4083 9707
4082 7026
4081 7912
4080 9561
4078 8391
4075 7846
4074 7321
4073 7039
4072 8580
4071 5220
4070 6537
4069 9625
4068 8166
4066 5453
4065 9802
4063 5793
4061 6643
4060 7396
4059 5556
4058 7899
4054 7778
4053 8386
4052 7961
4051 7625
4048 7752
4047 8075
4046 6040
4045 7444
4044 6965
4043 8453
4040 6166
4039 5626
4038 5678
4036 9545
4034 7839
4033 8798
4032 8805
4031 9234
4029 8653
4028 7754
4027 5711
4025 8357
4024 7487
4023 7362
4022 6386
4021 9519
4020 5413
4019 7129
4018 6539
4017 6562
4016 6724
4015 8032
4014 7268
4013 7864
4012 8490
4011 6344
4010 6818
4008 6336
4007 7632
4005 9696
4002 9155
4001 5051
4000 5854
3999 7192
3998 8563
3996 5486
3995 9024
3994 6101
3990 7025
3988 6856
3987 8737
3986 7413
3985 5513
3984 8397
3983 8944
3981 8402
3979 5287
3978 9476
3977 8366
3976 9600
3975 9345
3974 5278
3973 6228
3971 6042
3970 8919
3969 8171
3968 8887
3967 9058
3965 9572
3964 7572
3962 5469
3961 9903
3960 8708
3957 7389
3956 5955
3955 7432
3954 7668
3953 7771
3952 9842
3951 5203
3950 5744
3949 6597
3948 7217
3947 6372
3945 8950
3943 8679
3942 7349
3941 6642
3940 6821
3939 5941
3938 6131
3937 6748
3936 5546
3934 8749
3932 6599
3931 9188
3930 8626
3928 9615
3927 5876
3926 5041
3925 8368
3923 5604
3921 9810
3920 5804
3919 8431
3918 6167
3917 8664
3916 7905
3915 6670
3914 8373
3912 9759
3911 6046
3909 5147
3908 8785
3907 8090
3905 7282
3904 8319
3903 7691
3902 9183
3899 8000
3898 7638
3897 5492
3896 9235
3895 7699
3894 5060
3893 9213
3891 9206
3889 9715
3887 5114
3884 5071
3883 7076
3882 9182
3881 5532
3880 6244
3879 7683
3877 8735
3876 7273
3875 5856
3874 8446
3873 6150
3872 7201
3869 7706
3868 5643
3866 8221
3865 9153
3864 9727
3863 6879
3862 6637
3860 5444
3859 5525
3858 9705
3855 8227
3854 6136
3852 8896
3850 6061
3848 6842
3847 8378
3846 6845
3845 6094
3843 8809
3842 6532
3841 9656
3840 6498
3839 8669
3837 8647
3834 9303
3832 6958
3831 9111
3829 8406
3828 9650
3827 6677
3825 5440
3824 9898
3823 9875
3822 8608
3820 8880
3819 8444
3817 8371
3815 7091
3814 6778
3813 8062
3812 7375
3811 5989
3810 9717
3809 7173
3808 5457
3807 8670
3806 6854
3805 7869
3804 7451
3803 6973
3802 6216
3801 8340
3800 7398
3798 5901
3796 9896
3795 8698
3794 9694
3793 7172
3792 7131
3789 7757
3788 8894
3786 5695
3783 8111
3782 5982
3781 5160
3780 5393
3779 7480
3778 6257
3777 5843
3776 9527
3775 7310
3774 8240
3773 5085
3769 9755
3768 6577
3767 8716
3765 6706
3763 9493
3762 5535
3760 6218
3759 7016
3758 7062
3757 9518
3754 7701
3753 7804
3752 7248
3751 6085
3750 9796
3748 9630
3747 5293
3746 5956
3745 7977
3744 8274
3743 8721
3742 9103
3738 8288
3737 8794
3736 6339
3735 5366
3734 9653
3733 9975
3732 8577
3731 7018
3729 9691
3727 8933
3726 5050
3725 8606
3724 5867
3723 8991
3722 7887
3720 7871
3719 8125
3718 5038
3717 9751
3716 8460
3715 8996
3713 8700
3712 8596
3709 5326
3708 7438
3705 9609
3703 8078
3702 6822
3701 5675
3698 8723
3697 9679
3696 6610
3695 5093
3693 5802
3692 6374
3691 6534
3690 9086
3689 7898
3688 6910
3687 7820
3686 5526
3685 7541
3684 7598
3683 5844
3682 7508
3680 7384
3679 5799
3677 9512
3675 5537
3674 8262
3673 6170
3672 6797
3671 6064
3670 5383
3669 7324
3667 6960
3666 5202
3664 8981
3663 7812
3662 8797
3661 9927
3660 5739
3658 5873
3655 6055
3654 8095
3653 6566
3652 8525
3650 6195
3649 7100
3648 7382
3647 7994
3646 8678
3645 8184
3644 7631
3643 5284
3642 5552
3640 6644
3639 9390
3638 7106
3637 7401
3636 8370
3635 7161
3634 5776
3633 7475
3631 5670
3630 8778
3629 6243
3628 8920
3626 6135
3624 9588
3623 6258
3621 9370
3620 6287
3619 5721
3618 9800
3617 9768
3615 5785
3614 6563
3613 8036
3611 9683
3610 8956
3608 8987
3606 7305
3602 5706
3601 8043
3600 7510
3599 7925
3598 7986
3596 7851
3595 6652
3594 8598
3593 8495
3591 9893
3588 8899
3587 8680
3586 8969
3585 7661
3584 6928
3583 6103
3582 8412
3581 5195
3580 5378
3579 8810
3578 9905
3577 9647
3576 7458
3575 6721
3573 6636
3572 6448
3571 7740
3570 9867
3569 7872
3568 7417
3567 5119
3566 5462
3564 8230
3562 7696
3561 7483
3560 5069
3558 5490
3557 9818
3556 9359
3555 5717
3554 5207
3553 6847
3552 7426
3551 9526
3550 9350
3549 6060
3547 6401
3546 8115
3545 8686
3544 5015
3543 7146
3542 9803
3541 7084
3540 9254
3539 7176
3537 8307
3536 8239
3534 6295
3533 6589
3532 8292
3531 6220
3530 9745
3529 9336
3528 8975
3527 7884
3526 6686
3525 8198
3524 7163
3521 6945
3520 7574
3518 9866
3517 5402
3516 6661
3515 5947
3514 9552
3513 5124
3508 5593
3507 9750
3506 6227
3504 8326
3503 5530
3501 6561
3500 8902
3499 8451
3498 5301
3495 6306
3494 8154
3492 8398
3491 6204
3490 7847
3488 6430
3485 8353
3484 5583
3481 6782
3479 8948
3476 5467
3475 9848
3473 7838
3471 7361
3466 9056
3465 6878
3464 8004
3463 5898
3462 5779
3461 9452
3460 8108
3459 8694
3458 8813
3457 8834
3456 5938
3453 8387
3452 6998
3450 5915
3449 9399
3448 9339
3447 5198
3446 6036
3444 5841
3442 5277
3440 6455
3439 5342
3437 9943
3436 7634
3434 6704
3432 9084
3431 5315
3428 8427
3427 5976
3425 6138
3424 7729
3423 9532
3422 6669
3421 5885
3419 5715
3418 7684
3417 9089
3416 5067
3415 9420
3414 8780
3412 8215
3411 5662
3410 9610
3409 9447
3408 5636
3407 5217
3406 6065
3405 9011
3404 7220
3402 6471
3401 9808
3400 6773
3399 8667
3398 6423
3397 7852
3396 5058
3395 7655
3393 9859
3392 9713
3391 8120
3390 5349
3389 5139
3388 7937
3387 5105
3385 6325
3384 7000
3383 5533
3382 6579
3381 7427
3380 9398
3379 7815
3378 5727
3377 7680
3375 9985
3374 6422
3372 6096
3371 6066
3370 8779
3369 9320
3367 6926
3366 8119
3365 5539
3364 8734
3363 6057
3362 5610
3361 7223
3360 8688
3359 5353
3358 8192
3357 6635
3356 7664
3355 6843
3354 5464
3352 8702
3351 7627
3350 9659
3349 8978
3348 9377
3346 8918
3345 9174
3343 7649
3342 7960
3341 8123
3340 5632
3339 8588
3338 9029
3337 7991
3336 6907
3335 7271
3334 8094
3333 5789
3331 7713
3330 8937
3329 9729
3328 8204
3327 7896
3326 9670
3325 5030
3324 5142
3323 8917
3321 9241
3320 9971
3319 8979
3316 6441
3314 9789
3313 9635
3312 9101
3311 8364
3310 8149
3309 7653
3307 9984
3304 8516
3303 8183
3301 8822
3300 9061
3299 8936
3298 8253
3297 6388
3296 8823
3295 8105
3294 9963
3293 5634
3292 9504
3291 5847
3290 5837
3288 8807
3287 9816
3286 8643
3284 5601
3281 9251
3279 8628
3278 9703
3277 8348
3276 8400
3275 6665
3274 9095
3273 9638
3272 7023
3271 6428
3270 6543
3268 9224
3267 5258
3266 6506
3265 8014
3264 7376
3263 6972
3262 9081
3261 7027
3260 6634
3259 7763
3258 5831
3257 7800
3256 5219
3255 7592
3254 9005
3252 7443
3251 9366
3248 8289
3246 9535
3245 5761
3242 7224
3240 5516
3239 5407
3238 9915
3237 8332
3236 9125
3235 9488
3234 9403
3233 5788
3232 7127
3230 9853
3229 5448
3225 7704
3224 7542
3223 9210
3222 8180
3221 7505
3220 6107
3219 7690
3218 6417
3216 9861
3215 9466
3214 9122
3212 7609
3211 9004
3210 7265
3209 9239
3208 5169
3207 9349
3206 6827
3204 5370
3203 6834
3202 6389
3201 5759
3200 9129
3199 8027
3198 6802
3196 5691
3195 5932
3194 8549
3192 9072
3191 9957
3189 7670
3188 5870
3187 9728
3186 6390
3185 6260
3184 9052
3183 6786
3182 5951
3181 8886
3180 6317
3178 7368
3176 5070
3175 7569
3174 5612
3173 9901
3172 7878
3171 6233
3168 6237
3167 9360
3166 6246
3165 5985
3164 6425
3163 6985
3162 9644
3161 5200
3160 9082
3156 8905
3154 6700
3153 8904
3152 6402
3151 9298
3150 6911
3149 6097
3148 8867
3147 5965
3145 8121
3144 6873
3141 8134
3140 7727
3139 6108
3138 7479
3137 7150
3136 8250
3135 6640
3134 6691
3133 8848
3132 6476
3131 6815
3129 7618
3128 7143
3127 9501
3126 8692
3125 9885
3124 6385
3123 5445
3122 7405
3121 6793
3118 9783
3117 5328
3116 9015
3115 6824
3114 5246
3113 6963
3112 8696
3111 8844
3109 7186
3108 9709
3107 9716
3106 7259
3105 6345
3103 6733
3101 9306
3100 7924
3099 5888
3097 5987
3095 8888
3094 5012
3093 6203
3092 7424
3090 6531
3089 5594
3087 6176
3086 9564
3085 5309
3084 5689
3083 9472
3082 6592
3081 6331
3080 8448
3079 8992
3078 8586
3076 6303
3075 5430
3074 8704
3073 9528
3072 7385
3071 9741
3070 6095
3069 9441
3068 7132
3066 7622
3065 9995
3063 7478
3062 7359
3061 9208
3060 8245
3058 8433
3057 8260
3056 9665
3055 8169
3054 6770
3053 5390
3052 9261
3051 7911
3050 8306
3049 6594
3048 7485
3047 6469
3045 8352
3044 8645
3043 6489
3042 5994
3041 9511
3040 6682
3039 7348
3038 5692
3037 5967
3036 7545
3035 9137
3034 7007
3033 8079
3032 7277
3031 9661
3030 8817
3029 6999
3028 8031
3027 8335
3026 8212
3025 6420
3024 5456
3022 9043
3020 9027
3019 5168
3017 7194
3015 5509
3014 5940
3013 8135
3012 9909
3011 9941
3010 8726
3007 7358
3006 8401
3005 5607
3001 7473
3000 8620
2999 6447
2998 6688
2996 5122
2993 5253
2992 5432
2991 5167
2990 9353
2988 8074
2986 5731
2984 5461
2983 8775
2981 7833
2980 7296
2979 6477
2978 7233
2977 5865
2976 7075
2975 8056
2974 7950
2973 5356
2972 5663
2971 6234
2969 9680
2968 7446
2967 5603
2966 7474
2965 8791
2964 6830
2963 9870
2961 9988
2959 5649
2958 7818
2957 9115
2956 9611
2955 8799
2954 6990
2953 9222
2951 5018
2949 6508
2948 7955
2947 8050
2946 6712
2944 9100
2943 7732
2942 9874
2941 6519
2940 8882
2939 7439
2938 7289
2936 9080
2932 7564
2931 8190
2930 7817
2929 7433
2928 8539
2927 7232
2926 7512
2925 6809
2924 7409
2921 5924
2920 8167
2919 9565
2918 6626
2917 6813
2916 5479
2915 8493
2914 7751
2912 9836
2911 5337
2910 9260
2909 5090
2908 5627
2906 7139
2905 6262
2901 9671
2900 5931
2898 5624
2897 9417
2895 6547
2892 5088
2891 7003
2890 9307
2889 8857
2888 8622
2887 5183
2884 8884
2881 6453
2880 5225
2879 5184
2878 7502
2877 5127
2876 8842
2875 9228
2874 7874
2873 6760
2872 6501
2871 9456
2869 5110
2868 8349
2866 5685
2865 9073
2864 9216
2862 5362
2860 5645
2859 7154
2858 9327
2856 8892
2855 6490
2854 9590
2853 8209
2851 9553
2850 6632
2849 5946
2848 6153
2847 6271
2846 6915
2845 6889
2844 9074
2842 6179
2841 7318
2840 6710
2839 5635
2837 7251
2836 7636
2835 6993
2834 7404
2833 8659
2832 9462
2831 5429
2830 5859
2829 8943
2828 6619
2827 7533
2826 6675
2825 9637
2823 8770
2822 5232
2821 6475
2820 5719
2819 5339
2817 6848
2816 8113
2815 9430
2813 5920
2812 9540
2811 6098
2810 8153
2809 6017
2808 7242
2807 5410
2805 7568
2803 8535
2802 5716
2801 6812
2800 9030
2797 9418
2796 8856
2795 9068
2793 9405
2792 8900
2791 6872
2790 5418
2789 8081
2788 7415
2787 5437
2786 7370
2784 8995
2783 9857
2782 6439
2780 6625
2779 8897
2778 7758
2775 8766
2774 7130
2773 6313
2772 7074
2771 9065
2770 5273
2769 9499
2768 7679
2767 5364
2766 9533
2765 5637
2764 9265
2763 6432
2762 9422
2759 7269
2757 9197
2756 6754
2755 7099
2754 9936
2753 9681
2751 7857
2750 9537
2749 9612
2748 6627
2747 8691
2746 9159
2745 8833
2744 7315
2743 7866
2742 8709
2741 6743
2740 9464
2739 6897
2738 8416
2737 9831
2735 6018
2734 6079
2733 8903
2732 9922
2730 6541
2729 9283
2728 6987
2727 6212
2726 6038
2725 5224
2724 9845
2723 8713
2722 8375
2720 5424
2718 7806
2717 7391
2716 7511
2715 9098
2714 8769
2712 7602
2711 7317
2710 8739
2709 8139
2706 8128
2705 8178
2704 9662
2703 6415
2701 9204
2700 9822
2699 7042
2697 7589
2696 6514
2695 7162
2694 5512
2692 6137
2691 5271
2689 7861
2688 5638
2686 8719
2685 9023
2684 7117
2682 9002
2680 7187
2679 9967
2678 8748
2677 7054
2676 5557
2674 5411
2673 9811
2672 5002
2670 7308
2669 9282
2668 7079
2667 7138
2666 6141
2665 8420
2664 8362
2663 7945
2661 5728
2659 6100
2658 8935
2656 9489
2654 8246
2653 7408
2652 6350
2651 6276
2649 7901
2648 6377
2647 9207
2646 8008
2645 9507
2644 7499
2642 8309
2640 9193
2639 9039
2638 5029
2637 6880
2636 6692
2634 8858
2633 6144
2632 7392
2631 8972
2630 5083
2629 6139
2628 8298
2627 6667
2626 9639
2625 5166
2623 8434
2622 7671
2621 9393
2620 6368
2618 8605
2617 5036
2616 5984
2615 8403
2614 8328
2613 5451
2611 5396
2608 9873
2607 9262
2606 5247
2605 5338
2604 7200
2603 8161
2602 6284
2601 7094
2600 6918
2599 7590
2598 9478
2597 5686
2595 7372
2594 9651
2593 6896
2592 7918
2591 6320
2590 5540
2588 8744
2587 9643
2586 9170
2584 7418
2583 6301
2582 9348
2581 5746
2580 7903
2579 7824
2578 8016
2577 5211
2576 9706
2575 5625
2574 8544
2573 6899
2571 8957
2570 7254
2569 9319
2567 7364
2566 8058
2563 6732
2561 9825
2560 9075
2559 8320
2558 6693
2557 7425
2556 6545
2555 8206
2554 7780
2553 7963
2552 9139
2550 8624
2549 5959
2548 9458
2547 7984
2546 8832
2545 7646
2544 6717
2542 9389
2541 5218
2540 6499
2539 5808
2538 9505
2537 7987
2536 5787
2535 9376
2532 8787
2530 5103
2529 6694
2528 7204
2527 9851
2526 7262
2524 9854
2523 6394
2522 9559
2521 7212
2520 9700
2519 6054
2518 5324
2517 5426
2516 9839
2515 6511
2514 9372
2513 9850
2512 6072
2510 5436
2509 7374
2507 7843
2506 6133
2505 9949
2504 5412
2503 5813
2502 7299
2501 7468
2499 9520
2498 7688
2496 9817
2495 6968
2494 6387
2493 6925
2492 7081
2490 7122
2487 9976
2486 5958
2485 7753
2484 5191
2483 9594
2482 8630
2480 7350
2478 8575
2477 9425
2476 5651
2475 8294
2473 6573
2472 7338
2471 7816
2469 9060
2468 7513
2467 8705
2466 5154
2465 6090
2464 5974
2462 9012
2461 5408
2459 9993
2458 5423
2457 8249
2456 7276
2455 8045
2454 7892
2453 8938
2452 5697
2450 7856
2448 7234
2447 9346
2445 7298
2444 5826
2443 9510
2442 7870
2441 9502
2440 8589
2439 8572
2438 7241
2434 7114
2433 6273
2431 9955
2430 9524
2428 5111
2427 5672
2426 9587
2425 5714
2424 8662
2423 5345
2422 8282
2421 5550
2420 5824
2419 7237
2418 9416
2417 9313
2416 5693
2415 8816
2414 8136
2413 8875
2412 5004
2411 5248
2408 8390
2407 6461
2406 6022
2405 5259
2404 7544
2403 8041
2402 6278
2399 5458
2398 8874
2397 5842
2396 8764
2395 7140
2394 6836
2393 5245
2392 5908
2391 6553
2390 5582
2389 7174
2387 7219
2386 9284
2383 6341
2382 6193
2381 6649
2380 7252
2379 6172
2378 9999
2376 7656
2375 6779
2374 7266
2373 6837
2372 6006
2371 5325
2370 6745
2369 7136
2368 6956
2367 8520
2366 9467
2365 7341
2363 5975
2362 6659
2361 9570
2360 6181
2359 9516
2357 5866
2356 9543
2355 9471
2354 7196
2353 9563
2352 8675
2351 8267
2350 5541
2349 9256
2348 9437
2347 8617
2345 7708
2341 5299
2340 7024
2339 8870
2338 9562
2337 5608
2336 9136
2335 5617
2333 5344
2332 5948
2331 6623
2330 5045
2329 8673
2328 9428
2327 9536
2326 9575
2324 7617
2322 8054
2320 8207
2319 8661
2318 8951
2317 9273
2316 5311
2315 6163
2314 7682
2313 8477
2312 6689
2311 6122
2309 5449
2308 8191
2307 7777
2306 9619
2305 6245
2303 6496
2302 7327
2300 9266
2299 7555
2298 7467
2297 6908
2296 9807
2295 8258
2292 9655
2291 5882
2290 7215
2289 9812
2288 7527
2287 6458
2285 7060
2284 5983
2283 7180
2282 6662
2280 9016
2279 8941
2278 8736
2276 8304
2275 6342
2274 9279
2273 8342
2272 9973
2271 6286
2270 5491
2269 8988
2268 5011
2267 6291
2266 5256
2265 8639
2263 6603
2262 6787
2261 8257
2260 6718
2259 8084
2258 6954
2257 5708
2255 8158
2254 8961
2253 6378
2252 9828
2250 7938
2249 6978
2248 6468
2245 8069
2244 6919
2243 7113
2242 6569
2241 5231
2240 7801
2238 7356
2237 6504
2235 5381
2234 5080
2233 9863
2232 5810
2231 7058
2230 8418
2229 7744
2228 9494
2226 6197
2225 8199
2224 6903
2223 6989
2221 7825
2220 5379
2219 5398
2218 9592
2217 5839
2216 8923
2215 7685
2214 7177
2213 6470
2212 9576
2211 7089
2210 6254
2209 5733
2208 6699
2207 6865
2206 7599
2205 7959
2203 5707
2202 5641
2201 6775
2200 9116
2199 7291
2198 6302
2197 7559
2196 5397
2195 5829
2194 6716
2193 8827
2192 9568
2191 6165
2190 8447
2189 7681
2188 8286
2187 7402
2186 6713
2185 9566
2184 5081
2183 5022
2181 6099
2180 5642
2179 5213
2177 7917
2176 8507
2175 5580
2174 8316
2173 6255
2172 8683
2171 8071
2170 8098
2168 7803
2166 8088
2165 6503
2164 5082
2163 6870
2162 8343
2160 7790
2159 9586
2158 9272
2157 9036
2156 5906
2155 9953
2154 9972
2153 5597
2151 5591
2150 7742
2149 5819
2148 7785
2147 6127
2146 5623
2145 7891
2144 5074
2143 9108
2142 7406
2141 6666
2139 6283
2137 5773
2136 6174
2135 8932
2133 6481
2132 5795
2131 9877
2130 7666
2129 9175
2128 9690
2127 7460
2126 5171
2125 5199
2123 6705
2122 9530
2120 8275
2118 7002
2117 7437
2116 8968
2115 9515
2114 8681
2113 8565
2112 5099
2111 9962
2110 9754
2109 8537
2107 9746
2106 9960
2105 5653
2104 8732
2103 9461
2102 8615
2101 8584
2100 6183
2099 5875
2097 9457
2096 9379
2095 8421
2094 5128
2091 5249
2090 8784
2089 9667
2087 5373
2086 9965
2085 5763
2084 9342
2082 9018
2080 5361
2079 7314
2078 7294
2077 8380
2076 9620
2075 7933
2074 7125
2073 6173
2072 7498
2070 5599
2069 9669
2068 7848
2067 7674
2066 6186
2065 6952
2064 9109
2063 9203
2062 8720
2061 5131
2060 6518
2059 5801
2056 7227
2055 9378
2054 8458
2053 6536
2052 6964
2051 5260
2050 5072
2049 6346
2048 6259
2047 7939
2046 7419
2045 6838
2042 9257
2041 6214
2040 8138
2039 8782
2038 7287
2037 8485
2036 9147
2035 5905
2034 8571
2033 7633
2031 10000
2030 7926
2029 6008
2028 7037
2027 9663
2025 5257
2024 6930
2022 5351
2020 9433
2019 8438
2017 7860
2016 7795
2015 8504
2013 8793
2012 6874
2011 8437
2010 8097
2009 9046
2008 5285
2007 6315
2006 7673
2005 6279
2004 9982
2003 8313
2002 8771
2001 7624
2000 6951
1999 9189
1996 7958
1995 9470
1994 8942
1993 9242
1992 9837
1991 8273
1990 8148
1989 8181
1988 7707
1987 9996
1986 8498
1985 6125
1984 7395
1983 8127
1982 8908
1981 9146
1978 6828
1969 9099
1968 8523
1967 6285
1966 8077
1965 6622
1964 6012
1963 6606
1962 6478
1961 5049
1960 8699
1958 7794
1956 9689
1955 6013
1952 7733
1951 7749
1950 8312
1949 8414
1948 7313
1947 5953
1945 6482
1944 6308
1943 9252
1942 8682
1940 5914
1939 9582
1938 5336
1936 7829
1935 5292
1934 5470
1933 5823
1932 6948
1930 6558
1929 9732
1928 6788
1927 6128
1926 6719
1925 5376
1923 6457
1922 6217
1921 5933
1920 8831
1919 9940
1918 6862
1917 8255
1916 8106
1915 9166
1913 9380
1911 9708
1910 9677
1908 6376
1907 5568
1906 5201
1904 7886
1903 7459
1902 8426
1901 6375
1899 5288
1896 5907
1895 9408
1894 6571
1892 7135
1891 5862
1890 9151
1889 8648
1888 6800
1886 9991
1885 5254
1883 9538
1881 7739
1880 9066
1879 8570
1878 6411
1877 7386
1876 7158
1875 6493
1874 6826
1873 9758
1872 9439
1871 6011
1870 5327
1869 9163
1868 6887
1867 8374
1866 6696
1865 7620
1864 7628
1863 7750
1862 6364
1860 8242
1859 7061
1858 5455
1856 7101
1854 8512
1852 9312
1851 6184
1850 5023
1849 9394
1847 5590
1844 6256
1843 7943
1842 5750
1841 8554
1840 9226
1839 8811
1837 8408
1835 6222
1834 5188
1833 5723
1832 6379
1830 9813
1829 8454
1828 7557
1827 5107
1826 5926
1825 8885
1824 7819
1821 9171
1820 8930
1819 6274
1818 8863
1817 7303
1816 8226
1815 8837
1814 6942
1812 7836
1811 5673
1810 5880
1809 9790
1808 7621
1807 5192
1806 9841
1805 9928
1804 5438
1803 7366
1802 8562
1801 8222
1800 6429
1799 9701
1797 9801
1796 6436
1795 8322
1794 9229
1793 9806
1792 6132
1791 7516
1790 6034
1789 8410
1788 5574
1787 7536
1783 8200
1782 8383
1781 9337
1780 5918
1779 5630
1778 5399
1777 9809
1775 6359
1774 9771
1773 7867
1772 8587
1771 8177
1770 5573
1769 8491
1768 5978
1767 9173
1766 5935
1765 8609
1763 9769
1762 7976
1761 5306
1760 6292
1759 5545
1758 7789
1757 8843
1756 9601
1755 7488
1754 5805
1753 9756
1752 7881
1749 5401
1748 6753
1746 6676
1745 7845
1744 9865
1743 8065
1742 8405
1741 5902
1740 8052
1739 9062
1738 5163
1737 9237
1736 5780
1735 6709
1734 5312
1733 6570
1732 6959
1731 5387
1730 6115
1729 6784
1728 8321
1722 5477
1720 7445
1719 7552
1718 6252
1717 7184
1716 5010
1715 6580
1714 5138
1711 6996
1710 9217
1709 8439
1707 9227
1706 5006
1705 8801
1704 7326
1703 6565
1702 9460
1700 6219
1697 9481
1696 6307
1695 7639
1694 8522
1693 8547
1692 8174
1690 7167
1689 8830
1688 6282
1687 7012
1686 6582
1685 7110
1682 9010
1680 7069
1679 6270
1678 8594
1677 5903
1676 5409
1675 6685
1674 8955
1673 6877
1672 7906
1671 7689
1670 7293
1669 9688
1667 8543
1666 5674
1665 8244
1664 5431
1663 7554
1661 7586
1660 6021
1659 6624
1658 7118
1657 9757
1656 7049
1655 5276
1653 6049
1652 6223
1651 8715
1650 8644
1649 6509
1648 7205
1647 7669
1646 9044
1645 5752
1644 7344
1643 5053
1642 8618
1640 6657
1639 9354
1638 5476
1637 7461
1636 6613
1635 6463
1634 6679
1633 8164
1632 7435
1630 7274
1628 6168
1627 6305
1626 5654
1625 6427
1623 6860
1622 9961
1621 7011
1620 6025
1619 8487
1617 9824
1616 5735
1615 8760
1614 7253
1613 9833
1612 9804
1611 5700
1610 7378
1609 7489
1608 5916
1607 5738
1606 5911
1605 5298
1604 9374
1603 5770
1602 5059
1601 5798
1600 5313
1599 6146
1598 7021
1595 5321
1594 8355
1593 6849
1592 8488
1591 5314
1590 8347
1589 5483
1587 6459
1586 6479
1585 9435
1584 9301
1583 6384
1582 5164
1581 7104
1580 6238
1578 7239
1577 7745
1575 8859
1574 6330
1573 5318
1572 5845
1571 7145
1570 5503
1569 7982
1568 5296
1566 6893
1565 5887
1564 6209
1563 6542
1562 5658
1561 6628
1560 8945
1559 8140
1558 6020
1557 6949
1556 7035
1554 7065
1552 5121
1551 7811
1550 9954
1549 8266
1548 7283
1546 9902
1545 5602
1544 5710
1541 8479
1539 9774
1538 8035
1537 8377
1536 7095
1534 5421
1533 8462
1532 7482
1531 6362
1530 6056
1529 8195
1526 7784
1525 9232
1524 5095
1522 9201
1521 5346
1520 7916
1519 7193
1518 8247
1517 8055
1516 7340
1515 7760
1514 6944
1513 6894
1512 8599
1511 8432
1509 5569
1508 8365
1507 7876
1505 6426
1504 9498
1502 8170
1501 9231
1500 6614
1499 9358
1498 9387
1497 8287
1496 5722
1495 6050
1494 9357
1493 6744
1492 5101
1491 6602
1490 6324
1489 8561
1488 9289
1486 7178
1485 5016
1484 8965
1482 5001
1481 5652
1479 5988
1478 9225
1477 9773
1475 7651
1474 7580
1473 6343
1472 8299
1470 7558
1468 5116
1467 8559
1466 8576
1464 7596
1462 7650
1461 7128
1459 8909
1458 6369
1457 8826
1456 8419
1455 7722
1454 5212
1453 7676
1452 6175
1451 7579
1450 9529
1449 7261
1448 5595
1447 8752
1446 6044
1445 6158
1444 7013
1443 7859
1442 6326
1440 9793
1439 7748
1438 8290
1437 5981
1435 7496
1434 7329
1431 7476
1430 8225
1429 5863
1428 6979
1427 9549
1426 5391
1425 5485
1424 9834
1422 8351
1421 6715
1420 9477
1419 9887
1418 5382
1417 6729
1416 9749
1415 9743
1414 5468
1413 8317
1412 6487
1411 7449
1408 9785
1407 5860
1405 6794
1404 8001
1402 7709
1401 9946
1400 5316
1399 5718
1396 6600
1395 6526
1394 5024
1393 8712
1391 7613
1390 5598
1389 6162
1387 8757
1386 5606
1385 9049
1384 7388
1383 8037
1382 7813
1380 6975
1379 7115
1377 9300
1375 7756
1373 5350
1372 5784
1371 8869
1369 8201
1368 7383
1367 9910
1366 8660
1365 6164
1364 8553
1363 8564
1362 5357
1361 8552
1360 8693
1359 8429
1358 5443
1357 7826
1356 6488
1355 9031
1353 8339
1352 5771
1351 8172
1349 8733
1347 5609
1345 8277
1343 6853
1342 7250
1341 8049
1340 5504
1339 5215
1338 9141
1337 8143
1336 9278
1335 7284
1334 8973
1333 9734
1332 6140
1331 8399
1330 7605
1329 7930
1327 5874
1326 5571
1325 7619
1324 9302
1323 8730
1322 9852
1321 7046
1320 9858
1319 9205
1318 7098
1317 9945
1316 9819
1315 6720
1314 5242
1313 9933
1312 9102
1311 9676
1310 8931
1309 6875
1308 6474
1307 5465
1306 9195
1305 5589
1304 9546
1303 8632
1302 7411
1301 8175
1300 9627
1299 6309
1298 8096
1297 5991
1296 6549
1295 7034
1294 9487
1293 5347
1292 9497
1291 7400
1290 7275
1289 8194
1288 6157
1287 8466
1286 5889
1285 6347
1284 6491
1283 7728
1281 6646
1280 7747
1279 8205
1278 7354
1277 6229
1276 8263
1275 5019
1274 6026
1273 8333
1272 6015
1271 7989
1268 6924
1267 8893
1266 6738
1265 9161
1264 5646
1263 8358
1261 5394
1260 5091
1259 7919
1258 9482
1256 8325
1254 9367
1253 9286
1252 8740
1251 8865
1250 6791
1249 6314
1248 8774
1247 8467
1246 6976
1244 8953
1243 5028
1242 5290
1241 7048
1240 8533
1239 6329
1238 9311
1236 6557
1235 7328
1233 9821
1232 8450
1231 9091
1229 9126
1228 5494
1227 9697
1226 8468
1225 9014
1222 5230
1221 9243
1220 9951
1218 9508
1217 8156
1216 8604
1215 5616
1214 9826
1213 5543
1212 7822
1211 8435
1210 9886
1209 6250
1207 5084
1204 7082
1203 5363
1202 9138
1201 5538
1200 8187
1199 6520
1198 6485
1197 9618
1196 7730
1195 9747
1194 9847
1193 6608
1192 7121
1191 6199
1190 9539
1189 7088
1188 8718
1186 9876
1185 6881
1184 7105
1183 9270
1182 7647
1181 6607
1180 9277
1179 7070
1178 7693
1177 9682
1176 5921
1175 7587
1174 7645
1173 9583
1172 5162
1171 7573
1170 5333
1169 6438
1168 9032
1167 5291
1165 5772
1164 7347
1162 7623
1161 7895
1159 9997
1158 7914
1157 5415
1155 6900
1154 5614
1152 8871
1151 7453
1150 6086
1149 9033
1147 6947
1146 7603
1144 9693
1143 6546
1142 9013
1141 6383
1140 9930
1139 8790
1138 6533
1136 9778
1135 8963
1134 7678
1133 8131
1132 9434
1131 9449
1130 9105
1129 9248
1128 8099
1127 8116
1126 8631
1125 8540
1124 5389
1123 8864
1122 6177
1121 5441
1118 5496
1117 6703
1116 6736
1115 7019
1113 5061
1112 7888
1111 9838
1110 8496
1109 9607
1108 5474
1107 6451
1106 7403
1105 8866
1103 7149
1102 9664
1101 9840
1100 6076
1099 9127
1098 8536
1096 6916
1095 8481
1094 9097
1093 6280
1092 7022
1090 7570
1089 9391
1088 6119
1087 5266
1085 6189
1084 9340
1082 9322
1081 7492
1080 8293
1079 6400
1077 7849
1075 8269
1073 7297
1072 5576
1071 7085
1070 8796
1069 9959
1068 6434
1067 9921
1066 7185
1064 6816
1062 9383
1061 6559
1060 5954
1058 7343
1057 9496
1056 8301
1055 9132
1054 7316
1052 9200
1050 5910
1049 7043
1048 7109
1047 8765
1046 7787
1044 7776
1043 6639
1040 8663
1039 5358
1038 5096
1037 9446
1036 8777
1035 8015
1034 8750
1032 7700
1031 9160
1030 9914
1029 6118
1028 6728
1027 7576
1026 6084
1025 7648
1024 8526
1023 5272
1022 9862
1019 8459
1018 5949
1017 9230
1016 9000
1015 7166
1014 5064
1013 8281
1012 5214
1011 7566
1009 9184
1008 6087
1007 5368
1006 7357
1005 5238
1004 7946
1003 9761
1001 7686
1000 9308
999 7004
998 8861
996 8409
995 5280
994 9735
993 5380
992 9440
990 8484
989 7175
987 7736
986 5720
985 9400
984 8040
983 5406
982 5115
980 9281
979 8633
978 7841
977 7879
976 6105
974 5020
973 9276
972 7301
970 5239
968 8789
967 6063
965 5403
964 8076
963 7548
962 6631
960 7304
959 9045
958 8573
956 6080
952 8934
950 6001
949 9889
947 5066
946 7270
945 7844
943 6912
942 7497
940 9626
939 8254
938 9503
937 9214
936 6161
935 7393
934 8970
933 8964
932 6460
931 8064
930 6808
929 5145
928 8302
927 6819
926 7272
925 7030
924 6977
923 7932
922 6473
921 7890
920 5639
918 5352
917 7334
916 8297
915 6882
914 7111
913 5631
912 7463
911 6298
910 8087
908 5871
907 5937
906 6187
904 5221
903 5341
902 8825
901 6980
899 6981
898 8029
897 9718
896 8821
895 6048
893 7992
892 8595
891 5817
890 7258
889 5303
888 6859
887 6240
886 5850
885 9579
884 9931
882 8745
881 6938
880 9474
879 8057
878 7725
876 5878
875 7956
873 9571
872 7967
870 9223
869 5052
868 9220
867 5416
866 9763
865 5851
864 5322
863 6236
862 7641
861 7999
860 5820
859 9784
858 9465
857 8137
856 7830
853 5334
852 9912
851 5302
850 8129
849 5996
847 9942
845 6941
844 9654
843 5233
842 5687
841 5013
840 7553
839 6312
838 6435
837 9463
836 6005
835 9006
834 6527
833 8013
832 8998
831 7719
830 7575
829 5579
828 6630
827 5912
826 7885
825 7123
824 5572
823 6522
822 6380
819 7995
818 5447
817 9198
816 9134
813 9388
812 5524
811 7721
810 9053
809 5179
808 5963
807 6997
806 5100
805 9589
804 5148
803 9219
802 7454
801 9525
800 9509
799 8881
798 9978
797 5193
795 6892
794 5964
793 9906
792 5481
791 7525
790 7319
789 7218
788 9165
787 5480
786 5703
785 5420
784 9699
783 5726
782 6835
780 8806
779 5553
778 7090
777 5855
776 6523
773 6909
771 5173
770 6492
769 6861
768 5521
767 8159
766 5433
765 5586
764 6156
763 6073
762 5806
760 7781
759 8558
758 8509
757 9794
756 6731
755 6858
754 6940
753 8436
751 6651
750 7447
748 6472
747 6114
746 8952
744 8545
743 5517
742 5178
741 5518
740 8578
739 6081
738 5501
737 8073
736 7306
734 9641
733 8381
732 9719
731 6373
730 7102
729 9668
728 5957
726 9335
725 5174
724 5592
723 9268
722 7882
721 7050
720 9085
719 6239
717 5133
715 6756
714 8202
713 6074
712 5741
711 7770
710 6253
709 7330
708 6725
707 9649
706 9775
705 7543
704 7531
703 6031
702 5354
701 6672
700 5900
699 6032
698 9603
697 7322
696 6552
695 5786
694 9419
693 7802
692 7762
691 6555
690 7346
689 5109
688 7455
687 9534
686 5343
685 7051
684 7264
681 9382
680 8541
679 5690
677 5563
676 5923
675 6920
674 7369
673 5774
672 9968
671 9238
670 5667
668 9315
667 8162
666 6763
665 5749
664 9293
663 8393
661 7612
660 5682
659 5972
657 5460
656 6515
655 9479
654 5725
652 8883
651 8145
650 6465
649 8002
648 5894
647 7493
646 7387
645 6113
642 6495
641 7741
640 5282
639 7993
638 6446
637 8677
636 7199
634 6885
633 6587
632 7604
631 5054
630 5998
629 9131
628 7584
627 8499
626 7734
625 5668
624 9856
623 9071
622 8727
621 5834
618 7381
617 8513
616 7865
615 7032
614 8063
612 7202
611 6381
610 5262
608 9983
607 8583
606 8814
605 8717
603 6992
602 7288
600 7715
599 5754
598 7280
597 5561
596 6781
595 9684
594 7031
593 9149
592 6358
591 6883
590 7720
589 8208
587 9415
586 5743
585 7965
584 5647
583 9401
582 5208
581 7360
580 8356
579 7108
577 9292
576 8841
575 7877
574 6671
573 5360
572 5919
571 5681
570 7907
569 7936
567 6913
566 8800
565 9888
564 5117
563 8308
562 6340
561 5751
560 8144
559 7302
558 7001
557 5782
556 5531
555 5279
554 7755
553 6850
551 8461
550 9333
549 6494
547 7170
546 5472
545 9890
544 7535
543 7626
542 7165
541 9550
540 6318
539 9090
538 9297
537 9070
536 7978
535 7077
534 8270
533 5400
532 7894
531 9938
529 8836
528 5157
527 7657
526 9034
525 8388
524 9578
522 6190
521 5348
519 6730
517 9560
516 6994
515 5384
514 8384
513 7831
512 6052
511 6185
509 5241
508 5136
507 9093
506 8641
505 5600
503 7279
502 5812
501 6391
500 8634
499 7705
498 9916
497 5026
495 6059
493 6946
489 7442
487 8395
486 5014
485 6596
484 7214
482 5756
480 7286
479 6464
478 7607
477 6762
476 6707
475 8619
474 7053
473 8330
472 8452
471 5515
470 6749
469 5355
468 8280
467 6820
466 8927
465 5078
464 9596
462 9104
461 7988
456 9157
455 7834
454 7714
453 6752
451 9450
450 9381
448 5657
446 9581
445 8039
444 6984
443 6888
440 5534
439 6288
438 9055
437 9156
435 9820
434 9574
433 6047
431 7363
430 7854
429 9640
428 5153
427 9067
426 9436
425 8656
424 6961
423 7921
421 6210
420 6601
419 6884
418 6225
416 5227
415 9246
414 5542
413 6500
412 5928
411 6939
410 5244
409 9267
408 7640
407 6194
406 7712
405 8354
402 7600
401 9584
400 5031
399 7561
398 7529
396 7491
395 5372
394 6058
392 8472
391 5304
390 7743
388 8724
387 6200
386 5605
385 6714
383 9019
382 7726
380 9088
378 7355
377 5007
376 8889
375 8486
374 8489
372 7716
371 8792
370 7547
369 5869
368 7249
367 9351
365 5809
364 7179
363 8009
362 9737
361 9316
359 8291
357 6231
356 5511
355 8228
354 9128
353 8359
352 5428
351 5807
350 6045
349 9042
348 9078
347 7968
346 9459
345 6551
344 9130
343 5705
341 9190
340 5742
339 6261
338 5783
337 8776
335 9022
333 6986
331 5289
330 6263
329 8839
328 5040
327 8610
326 8019
325 5677
324 7798
323 7514
322 5369
321 5544
320 5753
319 8590
318 8473
317 5250
316 7940
315 9846
314 9500
312 5039
311 6406
310 8160
309 8650
308 8895
307 9326
306 9247
305 9814
304 6806
303 9275
302 5055
301 9871
300 9692
299 7434
298 9712
297 6771
296 9079
295 5794
294 8838
292 9343
291 9150
290 9480
289 9407
288 6863
287 6769
286 8668
285 5165
284 7087
283 8480
281 6024
280 6804
279 5676
278 6023
277 5811
276 6890
275 6112
274 6230
272 7858
271 5939
270 9258
269 9087
268 6647
267 7595
266 8217
265 5073
264 5792
263 9321
261 9580
260 5196
259 7779
258 9314
257 9288
256 7181
255 8820
254 5769
253 7500
252 5422
251 9443
250 8924
249 5767
248 7759
247 8703
246 5478
245 8210
244 7197
243 7677
242 7796
241 6361
240 6578
238 8336
237 8305
236 9698
234 7092
233 6171
232 8189
231 6615
230 8746
228 7414
227 8196
226 5629
225 8510
224 8756
223 8854
222 7309
221 8203
220 9181
218 9296
217 9355
216 8422
214 6121
213 9884
212 7941
211 9323
210 7697
209 7934
208 5628
207 9557
206 8072
205 9187
204 6296
203 9799
202 7257
201 8921
200 9521
199 7380
198 5395
197 7481
196 9028
195 6811
194 6075
193 7827
192 8413
191 5143
189 6264
188 7124
186 7126
185 9666
183 8346
182 8557
180 5724
179 9880
178 7979
177 7608
176 8971
174 6891
173 8142
171 5226
170 5177
169 9003
168 7410
167 8117
166 7247
165 8546
164 5086
163 7711
162 6955
161 8625
157 5075
156 8216
155 9795
154 8006
153 5307
152 5386
151 7097
150 7431
149 5966
148 5904
145 8060
144 9154
143 5536
140 6846
139 9172
138 9432
136 8093
135 8607
134 7718
133 6777
132 6521
131 9310
129 5562
128 5300
127 8021
126 7107
125 8542
124 5141
123 8091
122 7501
121 9455
120 5730
119 6407
118 7591
117 8846
116 8341
114 8020
113 9686
112 7768
111 9362
110 7767
109 5564
108 8315
106 7532
105 5944
104 6655
102 9041
99 5736
98 9944
97 8218
96 8560
95 5156
94 5388
93 6567
91 8701
90 8132
88 5092
87 7063
85 5547
84 5482
83 8582
82 9021
81 5034
80 8044
79 8475
78 7578
76 9513
75 9328
73 7428
71 5185
70 8456
69 7072
68 9979
67 5555
66 5712
64 6711
63 8147
62 6442
61 7290
60 8396
59 8067
58 6004
57 7371
56 9929
55 8157
54 7260
53 8707
52 8193
51 5560
50 8318
49 8271
48 9632
47 7910
46 9325
45 9891
44 5439
42 8928
41 7323
40 8272
39 9958
38 9454
37 8676
36 5297
35 5740
34 5065
33 9990
31 8122
30 5106
28 5821
27 8878
25 5917
23 5435
22 6817
21 8635
20 6355
19 8695
18 8379
17 8997
16 8265
15 7981
14 6814
13 5471
12 8517
10 6932
9 8389
8 9531
7 6895
6 9179
5 9920
4 6621
3 6290
2 8815
